date,net_value,cumulative_net_value,daily_growth_rate,purchase_status,redemption_status,dividend
2026-07-10,0.9936,0.9936,-0.0128,开放申购,开放赎回,
2026-07-09,1.0065,1.0065,-0.0092,开放申购,开放赎回,
2026-07-08,1.0158,1.0158,-0.0235,开放申购,开放赎回,
2026-07-07,1.0402,1.0402,-0.0011,开放申购,开放赎回,
2026-07-06,1.0413,1.0413,0.0012,开放申购,开放赎回,
2026-07-03,1.04,1.04,0.0141,开放申购,开放赎回,
2026-07-02,1.0255,1.0255,-0.0074,开放申购,开放赎回,
2026-07-01,1.0331,1.0331,-0.0009,开放申购,开放赎回,
2026-06-30,1.034,1.034,0.0056,开放申购,开放赎回,
2026-06-29,1.0282,1.0282,0.0224,开放申购,开放赎回,
2026-06-26,1.0057,1.0057,-0.0423,开放申购,开放赎回,
2026-06-25,1.0501,1.0501,-0.0069,开放申购,开放赎回,
2026-06-24,1.0574,1.0574,0.0139999999999999,开放申购,开放赎回,
2026-06-23,1.0428,1.0428,-0.0326,开放申购,开放赎回,
2026-06-22,1.0779,1.0779,0.0181,开放申购,开放赎回,
2026-06-18,1.0587,1.0587,-0.0105,开放申购,开放赎回,
2026-06-17,1.0699,1.0699,-0.0069,开放申购,开放赎回,
2026-06-16,1.0773,1.0773,-0.0002,开放申购,开放赎回,
2026-06-15,1.0775,1.0775,0.0079,开放申购,开放赎回,
2026-06-12,1.0691,1.0691,0.0274,开放申购,开放赎回,
2026-06-11,1.0406,1.0406,-0.0046,开放申购,开放赎回,
2026-06-10,1.0454,1.0454,-0.0102,开放申购,开放赎回,
2026-06-09,1.0562,1.0562,0.0187,开放申购,开放赎回,
2026-06-08,1.0368,1.0368,-0.0199,开放申购,开放赎回,
2026-06-05,1.0578,1.0578,-0.0064,开放申购,开放赎回,
2026-06-04,1.0646,1.0646,-0.0189,开放申购,开放赎回,
2026-06-03,1.0851,1.0851,-0.013,开放申购,开放赎回,
2026-06-02,1.0994,1.0994,0.0078,开放申购,开放赎回,
2026-06-01,1.0909,1.0909,0.0013,开放申购,开放赎回,
2026-05-29,1.0895,1.0895,0.0046999999999999,开放申购,开放赎回,
2026-05-28,1.0844,1.0844,-0.0132,开放申购,开放赎回,
2026-05-27,1.0989,1.0989,-0.0033,开放申购,开放赎回,
2026-05-26,1.1025,1.1025,0.0025,开放申购,开放赎回,
2026-05-25,1.0997,1.0997,-0.0049,开放申购,开放赎回,
2026-05-22,1.1051,1.1051,0.0045,开放申购,开放赎回,
2026-05-21,1.1002,1.1002,-0.019,开放申购,开放赎回,
2026-05-20,1.1215,1.1215,0.0013,开放申购,开放赎回,
2026-05-19,1.12,1.12,-0.0003,开放申购,开放赎回,
2026-05-18,1.1203,1.1203,-0.0123,开放申购,开放赎回,
2026-05-15,1.1343,1.1343,-0.0105,开放申购,开放赎回,
2026-05-14,1.1463,1.1463,-0.0212,开放申购,开放赎回,
2026-05-13,1.1711,1.1711,-0.0019,开放申购,开放赎回,
2026-05-12,1.1733,1.1733,-0.0115,开放申购,开放赎回,
2026-05-11,1.187,1.187,0.0096,开放申购,开放赎回,
2026-05-08,1.1757,1.1757,-0.0186,开放申购,开放赎回,
2026-05-07,1.198,1.198,-0.0060999999999999,开放申购,开放赎回,
2026-05-06,1.2053,1.2053,0.0167,开放申购,开放赎回,
2026-04-30,1.1855,1.1855,-0.0111,开放申购,开放赎回,
2026-04-29,1.1988,1.1988,0.0503,开放申购,开放赎回,
2026-04-28,1.1414,1.1414,-0.011,开放申购,开放赎回,
2026-04-27,1.1541,1.1541,0.0125,开放申购,开放赎回,
2026-04-24,1.1398,1.1398,0.0215,开放申购,开放赎回,
2026-04-23,1.1158,1.1158,-0.0133,开放申购,开放赎回,
2026-04-22,1.1308,1.1308,0.0012,开放申购,开放赎回,
2026-04-21,1.1295,1.1295,0.0129,开放申购,开放赎回,
2026-04-20,1.1151,1.1151,0.0004,开放申购,开放赎回,
2026-04-17,1.1147,1.1147,0.0019,开放申购,开放赎回,
2026-04-16,1.1126,1.1126,0.0326,开放申购,开放赎回,
2026-04-15,1.0775,1.0775,-0.0078,开放申购,开放赎回,
2026-04-14,1.086,1.086,0.0135,开放申购,开放赎回,
2026-04-13,1.0715,1.0715,0.0225,开放申购,开放赎回,
2026-04-10,1.0479,1.0479,0.0388,开放申购,开放赎回,
2026-04-09,1.0088,1.0088,0.0093999999999999,开放申购,开放赎回,
2026-04-08,0.9994,0.9994,0.035,开放申购,开放赎回,
2026-04-07,0.9656,0.9656,-0.0001,开放申购,开放赎回,
2026-04-03,0.9657,0.9657,-0.0111,开放申购,开放赎回,
2026-04-02,0.9765,0.9765,-0.0062,开放申购,开放赎回,
2026-04-01,0.9826,0.9826,0.0163999999999999,开放申购,开放赎回,
2026-03-31,0.9667,0.9667,-0.0279999999999999,开放申购,开放赎回,
2026-03-30,0.9945,0.9945,-0.0084,开放申购,开放赎回,
2026-03-27,1.0029,1.0029,0.0262,开放申购,开放赎回,
2026-03-26,0.9773,0.9773,-0.0062,开放申购,开放赎回,
2026-03-25,0.9834,0.9834,0.0166,开放申购,开放赎回,
2026-03-24,0.9673,0.9673,0.0138,开放申购,开放赎回,
2026-03-23,0.9541,0.9541,-0.025,开放申购,开放赎回,
2026-03-20,0.9786,0.9786,0.0141,开放申购,开放赎回,
2026-03-19,0.965,0.965,-0.0213,开放申购,开放赎回,
2026-03-18,0.986,0.986,-0.008,开放申购,开放赎回,
2026-03-17,0.994,0.994,-0.0187,开放申购,开放赎回,
2026-03-16,1.0129,1.0129,0.0097,开放申购,开放赎回,
2026-03-13,1.0032,1.0032,0.0023,开放申购,开放赎回,
2026-03-12,1.0009,1.0009,0.0017,开放申购,开放赎回,
2026-03-11,0.9992,0.9992,0.0203,开放申购,开放赎回,
2026-03-10,0.9793,0.9793,0.0308,开放申购,开放赎回,
2026-03-09,0.95,0.95,0.0013,开放申购,开放赎回,
2026-03-06,0.9488,0.9488,0.0098,开放申购,开放赎回,
2026-03-05,0.9396,0.9396,0.003,开放申购,开放赎回,
2026-03-04,0.9368,0.9368,-0.0098999999999999,开放申购,开放赎回,
2026-03-03,0.9462,0.9462,-0.0116,开放申购,开放赎回,
2026-03-02,0.9573,0.9573,-0.0067,开放申购,开放赎回,
2026-02-27,0.9638,0.9638,0.002,开放申购,开放赎回,
2026-02-26,0.9619,0.9619,-0.0111,开放申购,开放赎回,
2026-02-25,0.9727,0.9727,0.0111,开放申购,开放赎回,
2026-02-24,0.962,0.962,0.0021,开放申购,开放赎回,
2026-02-13,0.96,0.96,-0.0055,开放申购,开放赎回,
2026-02-12,0.9653,0.9653,0.0053,开放申购,开放赎回,
2026-02-11,0.9602,0.9602,0.0006,开放申购,开放赎回,
2026-02-10,0.9596,0.9596,-0.0044,开放申购,开放赎回,
2026-02-09,0.9638,0.9638,0.0081,开放申购,开放赎回,
2026-02-06,0.9561,0.9561,0.0034999999999999,开放申购,开放赎回,
2026-02-05,0.9528,0.9528,-0.0067,开放申购,开放赎回,
2026-02-04,0.9592,0.9592,0.0109,开放申购,开放赎回,
2026-02-03,0.9489,0.9489,0.0075,开放申购,开放赎回,
2026-02-02,0.9418,0.9418,-0.0129,开放申购,开放赎回,
2026-01-30,0.9541,0.9541,-0.005,开放申购,开放赎回,
2026-01-29,0.9589,0.9589,0.0021,开放申购,开放赎回,
2026-01-28,0.9569,0.9569,-0.0049,开放申购,开放赎回,
2026-01-27,0.9616,0.9616,-0.0097,开放申购,开放赎回,
2026-01-26,0.971,0.971,-0.0076,开放申购,开放赎回,
2026-01-23,0.9784,0.9784,0.006,开放申购,开放赎回,
2026-01-22,0.9726,0.9726,-0.0051,开放申购,开放赎回,
2026-01-21,0.9776,0.9776,0.0059,开放申购,开放赎回,
2026-01-20,0.9719,0.9719,-0.0093999999999999,开放申购,开放赎回,
2026-01-19,0.9811,0.9811,-0.0003,开放申购,开放赎回,
2026-01-16,0.9814,0.9814,-0.0092,开放申购,开放赎回,
2026-01-15,0.9905,0.9905,0.0066,开放申购,开放赎回,
2026-01-14,0.984,0.984,-0.0054,开放申购,开放赎回,
2026-01-13,0.9893,0.9893,-0.0056999999999999,开放申购,开放赎回,
2026-01-12,0.995,0.995,0.0012,开放申购,开放赎回,
2026-01-09,0.9938,0.9938,0.0021,开放申购,开放赎回,
2026-01-08,0.9917,0.9917,-0.0148,开放申购,开放赎回,
2026-01-07,1.0066,1.0066,-0.0093,开放申购,开放赎回,
2026-01-06,1.0161,1.0161,0.0103,开放申购,开放赎回,
2026-01-05,1.0057,1.0057,0.0215,开放申购,开放赎回,
2025-12-31,0.9845,0.9845,-0.0067,开放申购,开放赎回,
2025-12-30,0.9911,0.9911,0.001,开放申购,开放赎回,
2025-12-29,0.9901,0.9901,-0.0097,开放申购,开放赎回,
2025-12-26,0.9998,0.9998,0.0126,开放申购,开放赎回,
2025-12-25,0.9874,0.9874,0.0001,开放申购,开放赎回,
2025-12-24,0.9873,0.9873,0.0042,开放申购,开放赎回,
2025-12-23,0.9832,0.9832,0.0098999999999999,开放申购,开放赎回,
2025-12-22,0.9736,0.9736,0.0093,开放申购,开放赎回,
2025-12-19,0.9646,0.9646,0.0037,开放申购,开放赎回,
2025-12-18,0.961,0.961,-0.0156,开放申购,开放赎回,
2025-12-17,0.9762,0.9762,0.0264,开放申购,开放赎回,
2025-12-16,0.9511,0.9511,-0.0116999999999999,开放申购,开放赎回,
2025-12-15,0.9624,0.9624,-0.0184,开放申购,开放赎回,
2025-12-12,0.9804,0.9804,0.009,开放申购,开放赎回,
2025-12-11,0.9717,0.9717,-0.0097,开放申购,开放赎回,
2025-12-10,0.9812,0.9812,0.0008,开放申购,开放赎回,
2025-12-09,0.9804,0.9804,-0.006,开放申购,开放赎回,
2025-12-08,0.9863,0.9863,0.0123,开放申购,开放赎回,
2025-12-05,0.9743,0.9743,0.0025,开放申购,开放赎回,
2025-12-04,0.9719,0.9719,0.001,开放申购,开放赎回,
2025-12-03,0.9709,0.9709,-0.0111,开放申购,开放赎回,
2025-12-02,0.9818,0.9818,-0.0045,开放申购,开放赎回,
2025-12-01,0.9862,0.9862,0.0051,开放申购,开放赎回,
2025-11-28,0.9812,0.9812,0.0086,开放申购,开放赎回,
2025-11-27,0.9728,0.9728,-0.0021,开放申购,开放赎回,
2025-11-26,0.9748,0.9748,0.0073,开放申购,开放赎回,
2025-11-25,0.9677,0.9677,0.0163,开放申购,开放赎回,
2025-11-24,0.9522,0.9522,0.0003,开放申购,开放赎回,
2025-11-21,0.9519,0.9519,-0.0395999999999999,开放申购,开放赎回,
2025-11-20,0.9912,0.9912,-0.0113,开放申购,开放赎回,
2025-11-19,1.0025,1.0025,0.0037,开放申购,开放赎回,
2025-11-18,0.9988,0.9988,-0.0144,开放申购,开放赎回,
2025-11-17,1.0134,1.0134,0.0019,开放申购,开放赎回,
2025-11-14,1.0115,1.0115,-0.0222,开放申购,开放赎回,
2025-11-13,1.0345,1.0345,0.0301,开放申购,开放赎回,
2025-11-12,1.0043,1.0043,-0.0014,开放申购,开放赎回,
2025-11-11,1.0057,1.0057,-0.0065,开放申购,开放赎回,
2025-11-10,1.0123,1.0123,-0.0009,开放申购,开放赎回,
2025-11-07,1.0132,1.0132,0.0054,开放申购,开放赎回,
2025-11-06,1.0078,1.0078,0.0141,开放申购,开放赎回,
2025-11-05,0.9938,0.9938,0.0113999999999999,开放申购,开放赎回,
2025-11-04,0.9826,0.9826,-0.0197,开放申购,开放赎回,
2025-11-03,1.0023,1.0023,0.0013,开放申购,开放赎回,
2025-10-31,1.001,1.001,-0.0109,开放申购,开放赎回,
2025-10-30,1.012,1.012,-0.0012,开放申购,开放赎回,
2025-10-29,1.0132,1.0132,0.0233,开放申购,开放赎回,
2025-10-28,0.9901,0.9901,-0.0069,开放申购,开放赎回,
2025-10-27,0.997,0.997,0.0136,开放申购,开放赎回,
2025-10-24,0.9836,0.9836,0.0226,开放申购,开放赎回,
2025-10-23,0.9619,0.9619,0.0043,开放申购,开放赎回,
2025-10-22,0.9578,0.9578,-0.0081999999999999,开放申购,开放赎回,
2025-10-21,0.9657,0.9657,0.0226,开放申购,开放赎回,
2025-10-20,0.9444,0.9444,0.0098999999999999,开放申购,开放赎回,
2025-10-17,0.9351,0.9351,-0.0333,开放申购,开放赎回,
2025-10-16,0.9673,0.9673,0.0038,开放申购,开放赎回,
2025-10-15,0.9636,0.9636,0.0185,开放申购,开放赎回,
2025-10-14,0.9461,0.9461,-0.0256,开放申购,开放赎回,
2025-10-13,0.971,0.971,-0.0055,开放申购,开放赎回,
2025-10-10,0.9764,0.9764,-0.0366,开放申购,开放赎回,
2025-10-09,1.0135,1.0135,0.0072,开放申购,开放赎回,
2025-09-30,1.0063,1.0063,0.0138,开放申购,开放赎回,
2025-09-29,0.9926,0.9926,0.0252,开放申购,开放赎回,
2025-09-26,0.9682,0.9682,-0.0185,开放申购,开放赎回,
2025-09-25,0.9864,0.9864,0.0045,开放申购,开放赎回,
2025-09-24,0.982,0.982,0.0173,开放申购,开放赎回,
2025-09-23,0.9653,0.9653,0.0034999999999999,开放申购,开放赎回,
2025-09-22,0.9619,0.9619,0.011,开放申购,开放赎回,
2025-09-19,0.9514,0.9514,0.0065,开放申购,开放赎回,
2025-09-18,0.9453,0.9453,-0.0155,开放申购,开放赎回,
2025-09-17,0.9602,0.9602,0.0092,开放申购,开放赎回,
2025-09-16,0.9514,0.9514,-0.0001,开放申购,开放赎回,
2025-09-15,0.9515,0.9515,0.0079,开放申购,开放赎回,
2025-09-12,0.944,0.944,-0.0034,开放申购,开放赎回,
2025-09-11,0.9472,0.9472,0.0312,开放申购,开放赎回,
2025-09-10,0.9185,0.9185,0.005,开放申购,开放赎回,
2025-09-09,0.9139,0.9139,-0.0116999999999999,开放申购,开放赎回,
2025-09-08,0.9247,0.9247,0.0075,开放申购,开放赎回,
2025-09-05,0.9178,0.9178,0.0493,开放申购,开放赎回,
2025-09-04,0.8747,0.8747,-0.0121999999999999,开放申购,开放赎回,
2025-09-03,0.8855,0.8855,0.0056999999999999,开放申购,开放赎回,
2025-09-02,0.8805,0.8805,-0.0108,开放申购,开放赎回,
2025-09-01,0.8901,0.8901,0.0062,开放申购,开放赎回,
2025-08-29,0.8846,0.8846,0.0207,开放申购,开放赎回,
2025-08-28,0.8667,0.8667,0.0217,开放申购,开放赎回,
2025-08-27,0.8483,0.8483,-0.0129,开放申购,开放赎回,
2025-08-26,0.8594,0.8594,0.001,开放申购,开放赎回,
2025-08-25,0.8585,0.8585,0.0219,开放申购,开放赎回,
2025-08-22,0.8401,0.8401,0.0152,开放申购,开放赎回,
2025-08-21,0.8275,0.8275,0.0038,开放申购,开放赎回,
2025-08-20,0.8244,0.8244,0.0049,开放申购,开放赎回,
2025-08-19,0.8204,0.8204,-0.0087,开放申购,开放赎回,
2025-08-18,0.8276,0.8276,0.0093,开放申购,开放赎回,
2025-08-15,0.82,0.82,0.0074,开放申购,开放赎回,
2025-08-14,0.814,0.814,-0.0113999999999999,开放申购,开放赎回,
2025-08-13,0.8234,0.8234,0.0183,开放申购,开放赎回,
2025-08-12,0.8086,0.8086,0.0060999999999999,开放申购,开放赎回,
2025-08-11,0.8037,0.8037,0.0176,开放申购,开放赎回,
2025-08-08,0.7898,0.7898,0.0006,开放申购,开放赎回,
2025-08-07,0.7893,0.7893,0.0006,开放申购,开放赎回,
2025-08-06,0.7888,0.7888,0.0043,开放申购,开放赎回,
2025-08-05,0.7854,0.7854,0.0034,开放申购,开放赎回,
2025-08-04,0.7827,0.7827,-0.0015,开放申购,开放赎回,
2025-08-01,0.7839,0.7839,-0.008,开放申购,开放赎回,
2025-07-31,0.7902,0.7902,-0.0141999999999999,开放申购,开放赎回,
2025-07-30,0.8016,0.8016,-0.0056999999999999,开放申购,开放赎回,
2025-07-29,0.8062,0.8062,0.0079,开放申购,开放赎回,
2025-07-28,0.7999,0.7999,0.0173,开放申购,开放赎回,
2025-07-25,0.7863,0.7863,-0.0027,开放申购,开放赎回,
2025-07-24,0.7884,0.7884,0.0081999999999999,开放申购,开放赎回,
2025-07-23,0.782,0.782,-0.0018,开放申购,开放赎回,
2025-07-22,0.7834,0.7834,0.0054,开放申购,开放赎回,
2025-07-21,0.7792,0.7792,0.004,开放申购,开放赎回,
2025-07-18,0.7761,0.7761,-0.0018,开放申购,开放赎回,
2025-07-17,0.7775,0.7775,0.0286,开放申购,开放赎回,
2025-07-16,0.7559,0.7559,-0.0076,开放申购,开放赎回,
2025-07-15,0.7617,0.7617,0.0224,开放申购,开放赎回,
2025-07-14,0.745,0.745,0.004,开放申购,开放赎回,
2025-07-11,0.742,0.742,-0.0024,开放申购,开放赎回,
2025-07-10,0.7438,0.7438,-0.0019,开放申购,开放赎回,
2025-07-09,0.7452,0.7452,0.0049,开放申购,开放赎回,
2025-07-08,0.7416,0.7416,0.0247,开放申购,开放赎回,
2025-07-07,0.7237,0.7237,-0.0109,开放申购,开放赎回,
2025-07-04,0.7317,0.7317,-0.0014,开放申购,开放赎回,
2025-07-03,0.7327,0.7327,0.0275,开放申购,开放赎回,
2025-07-02,0.7131,0.7131,-0.0053,开放申购,开放赎回,
2025-07-01,0.7169,0.7169,0.0113999999999999,开放申购,开放赎回,
2025-06-30,0.7088,0.7088,0.0064,开放申购,开放赎回,
2025-06-27,0.7043,0.7043,0.0073,开放申购,开放赎回,
2025-06-26,0.6992,0.6992,0.0021,开放申购,开放赎回,
2025-06-25,0.6977,0.6977,0.0156,开放申购,开放赎回,
2025-06-24,0.687,0.687,0.0107,开放申购,开放赎回,
2025-06-23,0.6797,0.6797,0.0031,开放申购,开放赎回,
2025-06-20,0.6776,0.6776,-0.005,开放申购,开放赎回,
2025-06-19,0.681,0.681,-0.0055,开放申购,开放赎回,
2025-06-18,0.6848,0.6848,0.0105,开放申购,开放赎回,
2025-06-17,0.6777,0.6777,0.0012,开放申购,开放赎回,
2025-06-16,0.6769,0.6769,0.0167,开放申购,开放赎回,
2025-06-13,0.6658,0.6658,-0.0104,开放申购,开放赎回,
2025-06-12,0.6728,0.6728,-0.0027,开放申购,开放赎回,
2025-06-11,0.6746,0.6746,0.0106,开放申购,开放赎回,
2025-06-10,0.6675,0.6675,-0.0024,开放申购,开放赎回,
2025-06-09,0.6691,0.6691,0.0056,开放申购,开放赎回,
2025-06-06,0.6654,0.6654,-0.0028,开放申购,开放赎回,
2025-06-05,0.6673,0.6673,0.0247,开放申购,开放赎回,
2025-06-04,0.6512,0.6512,0.0137,开放申购,开放赎回,
2025-06-03,0.6424,0.6424,-0.0002,开放申购,开放赎回,
2025-05-30,0.6425,0.6425,-0.0051,开放申购,开放赎回,
2025-05-29,0.6458,0.6458,0.0084,开放申购,开放赎回,
2025-05-28,0.6404,0.6404,0.0011,开放申购,开放赎回,
2025-05-27,0.6397,0.6397,-0.0087,开放申购,开放赎回,
2025-05-26,0.6453,0.6453,-0.0062,开放申购,开放赎回,
2025-05-23,0.6493,0.6493,-0.0078,开放申购,开放赎回,
2025-05-22,0.6544,0.6544,-0.0073,开放申购,开放赎回,
2025-05-21,0.6592,0.6592,0.0076,开放申购,开放赎回,
2025-05-20,0.6542,0.6542,0.0151,开放申购,开放赎回,
2025-05-19,0.6445,0.6445,-0.004,开放申购,开放赎回,
2025-05-16,0.6471,0.6471,0.0005,开放申购,开放赎回,
2025-05-15,0.6468,0.6468,-0.0152,开放申购,开放赎回,
2025-05-14,0.6568,0.6568,0.0078,开放申购,开放赎回,
2025-05-13,0.6517,0.6517,-0.0031,开放申购,开放赎回,
2025-05-12,0.6537,0.6537,0.0241,开放申购,开放赎回,
2025-05-09,0.6383,0.6383,-0.0076,开放申购,开放赎回,
2025-05-08,0.6432,0.6432,0.0155,开放申购,开放赎回,
2025-05-07,0.6334,0.6334,-0.003,开放申购,开放赎回,
2025-05-06,0.6353,0.6353,0.0237,开放申购,开放赎回,
2025-04-30,0.6206,0.6206,0.0031,开放申购,开放赎回,
2025-04-29,0.6187,0.6187,-0.0053,开放申购,开放赎回,
2025-04-28,0.622,0.622,-0.0083,开放申购,开放赎回,
2025-04-25,0.6272,0.6272,0.0079,开放申购,开放赎回,
2025-04-24,0.6223,0.6223,-0.0064,开放申购,开放赎回,
2025-04-23,0.6263,0.6263,0.0143,开放申购,开放赎回,
2025-04-22,0.6175,0.6175,-0.0087,开放申购,开放赎回,
2025-04-21,0.6229,0.6229,0.015,开放申购,开放赎回,
2025-04-18,0.6137,0.6137,0.0067,开放申购,开放赎回,
2025-04-17,0.6096,0.6096,0.0011,开放申购,开放赎回,
2025-04-16,0.6089,0.6089,-0.0133,开放申购,开放赎回,
2025-04-15,0.6171,0.6171,-0.0002,开放申购,开放赎回,
2025-04-14,0.6172,0.6172,0.0031,开放申购,开放赎回,
2025-04-11,0.6153,0.6153,0.0219,开放申购,开放赎回,
2025-04-10,0.6021,0.6021,0.0231,开放申购,开放赎回,
2025-04-09,0.5885,0.5885,0.0081999999999999,开放申购,开放赎回,
2025-04-08,0.5837,0.5837,-0.0039,开放申购,开放赎回,
2025-04-07,0.586,0.586,-0.0896,开放申购,开放赎回,
2025-04-03,0.6437,0.6437,-0.032,开放申购,开放赎回,
2025-04-02,0.665,0.665,-0.0009,开放申购,开放赎回,
2025-04-01,0.6656,0.6656,-0.0058,开放申购,开放赎回,
2025-03-31,0.6695,0.6695,-0.0141,开放申购,开放赎回,
2025-03-28,0.6791,0.6791,-0.004,开放申购,开放赎回,
2025-03-27,0.6818,0.6818,0.001,开放申购,开放赎回,
2025-03-26,0.6811,0.6811,0.0018,开放申购,开放赎回,
2025-03-25,0.6799,0.6799,-0.0105,开放申购,开放赎回,
2025-03-24,0.6871,0.6871,0.0101,开放申购,开放赎回,
2025-03-21,0.6802,0.6802,-0.018,开放申购,开放赎回,
2025-03-20,0.6927,0.6927,-0.01,开放申购,开放赎回,
2025-03-19,0.6997,0.6997,-0.0062,开放申购,开放赎回,
2025-03-18,0.7041,0.7041,0.0103,开放申购,开放赎回,
2025-03-17,0.6969,0.6969,0.0107,开放申购,开放赎回,
2025-03-14,0.6895,0.6895,0.0358,开放申购,开放赎回,
2025-03-13,0.6657,0.6657,-0.0039,开放申购,开放赎回,
2025-03-12,0.6683,0.6683,-0.0043,开放申购,开放赎回,
2025-03-11,0.6712,0.6712,0.0121,开放申购,开放赎回,
2025-03-10,0.6632,0.6632,0.0021,开放申购,开放赎回,
2025-03-07,0.6618,0.6618,-0.0042,开放申购,开放赎回,
2025-03-06,0.6646,0.6646,0.0123,开放申购,开放赎回,
2025-03-05,0.6565,0.6565,0.0133,开放申购,开放赎回,
2025-03-04,0.6479,0.6479,-0.0069999999999999,开放申购,开放赎回,
2025-03-03,0.6525,0.6525,-0.0011,开放申购,开放赎回,
2025-02-28,0.6532,0.6532,-0.0258,开放申购,开放赎回,
2025-02-27,0.6705,0.6705,0.0015,开放申购,开放赎回,
2025-02-26,0.6695,0.6695,0.008,开放申购,开放赎回,
2025-02-25,0.6642,0.6642,-0.0026,开放申购,开放赎回,
2025-02-24,0.6659,0.6659,-0.0006,开放申购,开放赎回,
2025-02-21,0.6663,0.6663,0.0219,开放申购,开放赎回,
2025-02-20,0.652,0.652,-0.0026,开放申购,开放赎回,
2025-02-19,0.6537,0.6537,0.0139999999999999,开放申购,开放赎回,
2025-02-18,0.6447,0.6447,-0.0048,开放申购,开放赎回,
2025-02-17,0.6478,0.6478,0.0043,开放申购,开放赎回,
2025-02-14,0.645,0.645,0.0064,开放申购,开放赎回,
2025-02-13,0.6409,0.6409,-0.0084,开放申购,开放赎回,
2025-02-12,0.6463,0.6463,0.022,开放申购,开放赎回,
2025-02-11,0.6324,0.6324,-0.0088,开放申购,开放赎回,
2025-02-10,0.638,0.638,0.0046,开放申购,开放赎回,
2025-02-07,0.6351,0.6351,0.0149,开放申购,开放赎回,
2025-02-06,0.6258,0.6258,0.0269,开放申购,开放赎回,
2025-02-05,0.6094,0.6094,-0.0016,开放申购,开放赎回,
2025-01-27,0.6104,0.6104,-0.0161,开放申购,开放赎回,
2025-01-24,0.6204,0.6204,0.017,开放申购,开放赎回,
2025-01-23,0.61,0.61,-0.0104,开放申购,开放赎回,
2025-01-22,0.6164,0.6164,-0.0042,开放申购,开放赎回,
2025-01-21,0.619,0.619,0.0068,开放申购,开放赎回,
2025-01-20,0.6148,0.6148,0.0165,开放申购,开放赎回,
2025-01-17,0.6048,0.6048,0.0104,开放申购,开放赎回,
2025-01-16,0.5986,0.5986,-0.0038,开放申购,开放赎回,
2025-01-15,0.6009,0.6009,-0.0066,开放申购,开放赎回,
2025-01-14,0.6049,0.6049,0.0317,开放申购,开放赎回,
2025-01-13,0.5863,0.5863,0.0002,开放申购,开放赎回,
2025-01-10,0.5862,0.5862,-0.0123,开放申购,开放赎回,
2025-01-09,0.5935,0.5935,0.0024,开放申购,开放赎回,
2025-01-08,0.5921,0.5921,-0.0097,开放申购,开放赎回,
2025-01-07,0.5979,0.5979,0.0149,开放申购,开放赎回,
2025-01-06,0.5891,0.5891,0.0022,开放申购,开放赎回,
2025-01-03,0.5878,0.5878,-0.0121,开放申购,开放赎回,
2025-01-02,0.595,0.595,-0.0249,开放申购,开放赎回,
2024-12-31,0.6102,0.6102,-0.0171,开放申购,开放赎回,
2024-12-30,0.6208,0.6208,0.0031,开放申购,开放赎回,
2024-12-27,0.6189,0.6189,-0.0053,开放申购,开放赎回,
2024-12-26,0.6222,0.6222,0.006,开放申购,开放赎回,
2024-12-25,0.6185,0.6185,-0.0042,开放申购,开放赎回,
2024-12-24,0.6211,0.6211,0.0159,开放申购,开放赎回,
2024-12-23,0.6114,0.6114,-0.0069999999999999,开放申购,开放赎回,
2024-12-20,0.6157,0.6157,-0.0013,开放申购,开放赎回,
2024-12-19,0.6165,0.6165,0.0083,开放申购,开放赎回,
2024-12-18,0.6114,0.6114,0.001,开放申购,开放赎回,
2024-12-17,0.6108,0.6108,0.0053,开放申购,开放赎回,
2024-12-16,0.6076,0.6076,-0.0086,开放申购,开放赎回,
2024-12-13,0.6129,0.6129,-0.022,开放申购,开放赎回,
2024-12-12,0.6267,0.6267,0.0111,开放申购,开放赎回,
2024-12-11,0.6198,0.6198,0.0028,开放申购,开放赎回,
2024-12-10,0.6181,0.6181,0.0078,开放申购,开放赎回,
2024-12-09,0.6133,0.6133,-0.0028,开放申购,开放赎回,
2024-12-06,0.615,0.615,0.0141999999999999,开放申购,开放赎回,
2024-12-05,0.6064,0.6064,-0.0015,开放申购,开放赎回,
2024-12-04,0.6073,0.6073,-0.0108,开放申购,开放赎回,
2024-12-03,0.6139,0.6139,-0.0011,开放申购,开放赎回,
2024-12-02,0.6146,0.6146,0.0139,开放申购,开放赎回,
2024-11-29,0.6062,0.6062,0.0107,开放申购,开放赎回,
2024-11-28,0.5998,0.5998,-0.0133,开放申购,开放赎回,
2024-11-27,0.6079,0.6079,0.0243999999999999,开放申购,开放赎回,
2024-11-26,0.5934,0.5934,-0.0059,开放申购,开放赎回,
2024-11-25,0.5969,0.5969,-0.0043,开放申购,开放赎回,
2024-11-22,0.5995,0.5995,-0.0302,开放申购,开放赎回,
2024-11-21,0.6182,0.6182,0.001,开放申购,开放赎回,
2024-11-20,0.6176,0.6176,0.0006,开放申购,开放赎回,
2024-11-19,0.6172,0.6172,0.0133,开放申购,开放赎回,
2024-11-18,0.6091,0.6091,-0.0139,开放申购,开放赎回,
2024-11-15,0.6177,0.6177,-0.0204999999999999,开放申购,开放赎回,
2024-11-14,0.6306,0.6306,-0.019,开放申购,开放赎回,
2024-11-13,0.6428,0.6428,0.0088,开放申购,开放赎回,
2024-11-12,0.6372,0.6372,-0.0062,开放申购,开放赎回,
2024-11-11,0.6412,0.6412,0.0136,开放申购,开放赎回,
2024-11-08,0.6326,0.6326,-0.016,开放申购,开放赎回,
2024-11-07,0.6429,0.6429,0.0124,开放申购,开放赎回,
2024-11-06,0.635,0.635,-0.0104,开放申购,开放赎回,
2024-11-05,0.6417,0.6417,0.0241,开放申购,开放赎回,
2024-11-04,0.6266,0.6266,0.0136,开放申购,开放赎回,
2024-11-01,0.6182,0.6182,-0.0029,开放申购,开放赎回,
2024-10-31,0.62,0.62,0.0002,开放申购,开放赎回,
2024-10-30,0.6199,0.6199,-0.0059,开放申购,开放赎回,
2024-10-29,0.6236,0.6236,-0.0078,开放申购,开放赎回,
2024-10-28,0.6285,0.6285,-0.0002,开放申购,开放赎回,
2024-10-25,0.6286,0.6286,0.0162,开放申购,开放赎回,
2024-10-24,0.6186,0.6186,-0.0126,开放申购,开放赎回,
2024-10-23,0.6265,0.6265,-0.0018,开放申购,开放赎回,
2024-10-22,0.6276,0.6276,0.0105,开放申购,开放赎回,
2024-10-21,0.6211,0.6211,0.0118999999999999,开放申购,开放赎回,
2024-10-18,0.6138,0.6138,0.0499,开放申购,开放赎回,
2024-10-17,0.5846,0.5846,-0.0070999999999999,开放申购,开放赎回,
2024-10-16,0.5888,0.5888,-0.0165,开放申购,开放赎回,
2024-10-15,0.5987,0.5987,-0.0227999999999999,开放申购,开放赎回,
2024-10-14,0.6127,0.6127,0.0246,开放申购,开放赎回,
2024-10-11,0.598,0.598,-0.0327,开放申购,开放赎回,
2024-10-10,0.6182,0.6182,0.0098,开放申购,开放赎回,
2024-10-09,0.6122,0.6122,-0.0793,开放申购,开放赎回,
2024-10-08,0.6649,0.6649,0.0733,开放申购,开放赎回,
2024-09-30,0.6195,0.6195,0.0899,开放申购,开放赎回,
2024-09-27,0.5684,0.5684,0.0571,开放申购,开放赎回,
2024-09-26,0.5377,0.5377,0.035,开放申购,开放赎回,
2024-09-25,0.5195,0.5195,0.0069999999999999,开放申购,开放赎回,
2024-09-24,0.5159,0.5159,0.0494,开放申购,开放赎回,
2024-09-23,0.4916,0.4916,-0.0014,开放申购,开放赎回,
2024-09-20,0.4923,0.4923,-0.0024,开放申购,开放赎回,
2024-09-19,0.4935,0.4935,0.0045,开放申购,开放赎回,
2024-09-18,0.4913,0.4913,-0.0060999999999999,开放申购,开放赎回,
2024-09-13,0.4943,0.4943,-0.0014,开放申购,开放赎回,
2024-09-12,0.495,0.495,-0.0032,开放申购,开放赎回,
2024-09-11,0.4966,0.4966,0.0056999999999999,开放申购,开放赎回,
2024-09-10,0.4938,0.4938,0.0016,开放申购,开放赎回,
2024-09-09,0.493,0.493,-0.0056,开放申购,开放赎回,
2024-09-06,0.4958,0.4958,-0.0149,开放申购,开放赎回,
2024-09-05,0.5033,0.5033,-0.0012,开放申购,开放赎回,
2024-09-04,0.5039,0.5039,-0.0085,开放申购,开放赎回,
2024-09-03,0.5082,0.5082,0.0087,开放申购,开放赎回,
2024-09-02,0.5038,0.5038,-0.0212,开放申购,开放赎回,
2024-08-30,0.5147,0.5147,0.0279999999999999,开放申购,开放赎回,
2024-08-29,0.5007,0.5007,0.0052,开放申购,开放赎回,
2024-08-28,0.4981,0.4981,-0.0042,开放申购,开放赎回,
2024-08-27,0.5002,0.5002,-0.0105,开放申购,开放赎回,
2024-08-26,0.5055,0.5055,-0.001,开放申购,开放赎回,
2024-08-23,0.506,0.506,-0.0037,开放申购,开放赎回,
2024-08-22,0.5079,0.5079,-0.0029,开放申购,开放赎回,
2024-08-21,0.5094,0.5094,0.002,开放申购,开放赎回,
2024-08-20,0.5084,0.5084,-0.0081999999999999,开放申购,开放赎回,
2024-08-19,0.5126,0.5126,-0.0021,开放申购,开放赎回,
2024-08-16,0.5137,0.5137,0.0027,开放申购,开放赎回,
2024-08-15,0.5123,0.5123,0.0046999999999999,开放申购,开放赎回,
2024-08-14,0.5099,0.5099,-0.0107,开放申购,开放赎回,
2024-08-13,0.5154,0.5154,0.0060999999999999,开放申购,开放赎回,
2024-08-12,0.5123,0.5123,0.0,开放申购,开放赎回,
2024-08-09,0.5123,0.5123,0.0006,开放申购,开放赎回,
2024-08-08,0.512,0.512,0.0018,开放申购,开放赎回,
2024-08-07,0.5111,0.5111,-0.0027,开放申购,开放赎回,
2024-08-06,0.5125,0.5125,0.0081,开放申购,开放赎回,
2024-08-05,0.5084,0.5084,-0.024,开放申购,开放赎回,
2024-08-02,0.5209,0.5209,-0.0168,开放申购,开放赎回,
2024-08-01,0.5298,0.5298,-0.0101,开放申购,开放赎回,
2024-07-31,0.5352,0.5352,0.0249,开放申购,开放赎回,
2024-07-30,0.5222,0.5222,-0.008,开放申购,开放赎回,
2024-07-29,0.5264,0.5264,-0.006,开放申购,开放赎回,
2024-07-26,0.5296,0.5296,0.0098999999999999,开放申购,开放赎回,
2024-07-25,0.5244,0.5244,-0.0069999999999999,开放申购,开放赎回,
2024-07-24,0.5281,0.5281,-0.0107,开放申购,开放赎回,
2024-07-23,0.5338,0.5338,-0.0256999999999999,开放申购,开放赎回,
2024-07-22,0.5479,0.5479,-0.0016,开放申购,开放赎回,
2024-07-19,0.5488,0.5488,-0.0044,开放申购,开放赎回,
2024-07-18,0.5512,0.5512,0.0005,开放申购,开放赎回,
2024-07-17,0.5509,0.5509,-0.0101,开放申购,开放赎回,
2024-07-16,0.5565,0.5565,0.0138,开放申购,开放赎回,
2024-07-15,0.5489,0.5489,-0.0011,开放申购,开放赎回,
2024-07-12,0.5495,0.5495,0.0015,开放申购,开放赎回,
2024-07-11,0.5487,0.5487,0.0125,开放申购,开放赎回,
2024-07-10,0.5419,0.5419,0.0034999999999999,开放申购,开放赎回,
2024-07-09,0.54,0.54,0.0179,开放申购,开放赎回,
2024-07-08,0.5305,0.5305,-0.0039,开放申购,开放赎回,
2024-07-05,0.5326,0.5326,-0.0021,开放申购,开放赎回,
2024-07-04,0.5337,0.5337,-0.0040999999999999,开放申购,开放赎回,
2024-07-03,0.5359,0.5359,-0.0006,开放申购,开放赎回,
2024-07-02,0.5362,0.5362,-0.0069999999999999,开放申购,开放赎回,
2024-07-01,0.54,0.54,0.0040999999999999,开放申购,开放赎回,
2024-06-30,0.5378,0.5378,-0.0002,开放申购,开放赎回,
2024-06-28,0.5379,0.5379,0.0011,开放申购,开放赎回,
2024-06-27,0.5373,0.5373,-0.0067,开放申购,开放赎回,
2024-06-26,0.5409,0.5409,0.0101,开放申购,开放赎回,
2024-06-25,0.5355,0.5355,-0.0091,开放申购,开放赎回,
2024-06-24,0.5404,0.5404,-0.0092,开放申购,开放赎回,
2024-06-21,0.5454,0.5454,-0.002,开放申购,开放赎回,
2024-06-20,0.5465,0.5465,-0.0101,开放申购,开放赎回,
2024-06-19,0.5521,0.5521,-0.0046999999999999,开放申购,开放赎回,
2024-06-18,0.5547,0.5547,0.0042,开放申购,开放赎回,
2024-06-17,0.5524,0.5524,0.0151,开放申购,开放赎回,
2024-06-14,0.5442,0.5442,0.013,开放申购,开放赎回,
2024-06-13,0.5372,0.5372,-0.002,开放申购,开放赎回,
2024-06-12,0.5383,0.5383,0.0022,开放申购,开放赎回,
2024-06-11,0.5371,0.5371,-0.0011,开放申购,开放赎回,
2024-06-07,0.5377,0.5377,-0.015,开放申购,开放赎回,
2024-06-06,0.5459,0.5459,-0.0018,开放申购,开放赎回,
2024-06-05,0.5469,0.5469,-0.006,开放申购,开放赎回,
2024-06-04,0.5502,0.5502,0.0108,开放申购,开放赎回,
2024-06-03,0.5443,0.5443,0.0151,开放申购,开放赎回,
2024-05-31,0.5362,0.5362,-0.0065,开放申购,开放赎回,
2024-05-30,0.5397,0.5397,0.0009,开放申购,开放赎回,
2024-05-29,0.5392,0.5392,0.0043,开放申购,开放赎回,
2024-05-28,0.5369,0.5369,-0.0121,开放申购,开放赎回,
2024-05-27,0.5435,0.5435,0.0037,开放申购,开放赎回,
2024-05-24,0.5415,0.5415,-0.0169,开放申购,开放赎回,
2024-05-23,0.5508,0.5508,-0.0127,开放申购,开放赎回,
2024-05-22,0.5579,0.5579,0.0058,开放申购,开放赎回,
2024-05-21,0.5547,0.5547,-0.0059,开放申购,开放赎回,
2024-05-20,0.558,0.558,0.004,开放申购,开放赎回,
2024-05-17,0.5558,0.5558,0.0078,开放申购,开放赎回,
2024-05-16,0.5515,0.5515,0.0101,开放申购,开放赎回,
2024-05-15,0.546,0.546,-0.0073,开放申购,开放赎回,
2024-05-14,0.55,0.55,0.0005,开放申购,开放赎回,
2024-05-13,0.5497,0.5497,-0.0013,开放申购,开放赎回,
2024-05-10,0.5504,0.5504,-0.0056,开放申购,开放赎回,
2024-05-09,0.5535,0.5535,0.0113,开放申购,开放赎回,
2024-05-08,0.5473,0.5473,-0.0116999999999999,开放申购,开放赎回,
2024-05-07,0.5538,0.5538,-0.0031,开放申购,开放赎回,
2024-05-06,0.5555,0.5555,0.0242,开放申购,开放赎回,
2024-04-30,0.5424,0.5424,-0.0115,开放申购,开放赎回,
2024-04-29,0.5487,0.5487,0.0184,开放申购,开放赎回,
2024-04-26,0.5388,0.5388,0.0227999999999999,开放申购,开放赎回,
2024-04-25,0.5268,0.5268,0.0027,开放申购,开放赎回,
2024-04-24,0.5254,0.5254,0.0046,开放申购,开放赎回,
2024-04-23,0.523,0.523,-0.0015,开放申购,开放赎回,
2024-04-22,0.5238,0.5238,0.0015,开放申购,开放赎回,
2024-04-19,0.523,0.523,-0.0132,开放申购,开放赎回,
2024-04-18,0.53,0.53,-0.0011,开放申购,开放赎回,
2024-04-17,0.5306,0.5306,0.0143,开放申购,开放赎回,
2024-04-16,0.5231,0.5231,-0.0165,开放申购,开放赎回,
2024-04-15,0.5319,0.5319,0.0143,开放申购,开放赎回,
2024-04-12,0.5244,0.5244,-0.0064,开放申购,开放赎回,
2024-04-11,0.5278,0.5278,-0.0019,开放申购,开放赎回,
2024-04-10,0.5288,0.5288,-0.0113999999999999,开放申购,开放赎回,
2024-04-09,0.5349,0.5349,0.0045,开放申购,开放赎回,
2024-04-08,0.5325,0.5325,-0.0116999999999999,开放申购,开放赎回,
2024-04-03,0.5388,0.5388,-0.005,开放申购,开放赎回,
2024-04-02,0.5415,0.5415,-0.0060999999999999,开放申购,开放赎回,
2024-04-01,0.5448,0.5448,0.0243,开放申购,开放赎回,
2024-03-29,0.5319,0.5319,0.0008,开放申购,开放赎回,
2024-03-28,0.5315,0.5315,0.0042,开放申购,开放赎回,
2024-03-27,0.5293,0.5293,-0.0229,开放申购,开放赎回,
2024-03-26,0.5417,0.5417,0.0065,开放申购,开放赎回,
2024-03-25,0.5382,0.5382,-0.0108,开放申购,开放赎回,
2024-03-22,0.5441,0.5441,-0.0049,开放申购,开放赎回,
2024-03-21,0.5468,0.5468,-0.0049,开放申购,开放赎回,
2024-03-20,0.5495,0.5495,0.0018,开放申购,开放赎回,
2024-03-19,0.5485,0.5485,-0.0044,开放申购,开放赎回,
2024-03-18,0.5509,0.5509,0.0157,开放申购,开放赎回,
2024-03-15,0.5424,0.5424,0.0024,开放申购,开放赎回,
2024-03-14,0.5411,0.5411,-0.0053,开放申购,开放赎回,
2024-03-13,0.544,0.544,-0.0037,开放申购,开放赎回,
2024-03-12,0.546,0.546,0.0096,开放申购,开放赎回,
2024-03-11,0.5408,0.5408,0.0252,开放申购,开放赎回,
2024-03-08,0.5275,0.5275,0.0158,开放申购,开放赎回,
2024-03-07,0.5193,0.5193,-0.0161,开放申购,开放赎回,
2024-03-06,0.5278,0.5278,0.0002,开放申购,开放赎回,
2024-03-05,0.5277,0.5277,-0.0019,开放申购,开放赎回,
2024-03-04,0.5287,0.5287,0.0009,开放申购,开放赎回,
2024-03-01,0.5282,0.5282,0.0059,开放申购,开放赎回,
2024-02-29,0.5251,0.5251,0.0237999999999999,开放申购,开放赎回,
2024-02-28,0.5129,0.5129,-0.0250999999999999,开放申购,开放赎回,
2024-02-27,0.5261,0.5261,0.0229,开放申购,开放赎回,
2024-02-26,0.5143,0.5143,-0.0034999999999999,开放申购,开放赎回,
2024-02-23,0.5161,0.5161,-0.0008,开放申购,开放赎回,
2024-02-22,0.5165,0.5165,0.0093999999999999,开放申购,开放赎回,
2024-02-21,0.5117,0.5117,0.0051,开放申购,开放赎回,
2024-02-20,0.5091,0.5091,-0.0025,开放申购,开放赎回,
2024-02-19,0.5104,0.5104,0.0186,开放申购,开放赎回,
2024-02-08,0.5011,0.5011,0.0101,开放申购,开放赎回,
2024-02-07,0.4961,0.4961,0.0166,开放申购,开放赎回,
2024-02-06,0.488,0.488,0.0549,开放申购,开放赎回,
2024-02-05,0.4626,0.4626,0.0060999999999999,开放申购,开放赎回,
2024-02-02,0.4598,0.4598,-0.0194,开放申购,开放赎回,
2024-02-01,0.4689,0.4689,0.0144999999999999,开放申购,开放赎回,
2024-01-31,0.4622,0.4622,-0.0149,开放申购,开放赎回,
2024-01-30,0.4692,0.4692,-0.0194,开放申购,开放赎回,
2024-01-29,0.4785,0.4785,-0.0298,开放申购,开放赎回,
2024-01-26,0.4932,0.4932,-0.0177,开放申购,开放赎回,
2024-01-25,0.5021,0.5021,0.0176,开放申购,开放赎回,
2024-01-24,0.4934,0.4934,-0.0002,开放申购,开放赎回,
2024-01-23,0.4935,0.4935,0.0098,开放申购,开放赎回,
2024-01-22,0.4887,0.4887,-0.0216,开放申购,开放赎回,
2024-01-19,0.4995,0.4995,-0.002,开放申购,开放赎回,
2024-01-18,0.5005,0.5005,0.0218,开放申购,开放赎回,
2024-01-17,0.4898,0.4898,-0.0264,开放申购,开放赎回,
2024-01-16,0.5031,0.5031,0.0034,开放申购,开放赎回,
2024-01-15,0.5014,0.5014,-0.0002,开放申购,开放赎回,
2024-01-12,0.5015,0.5015,-0.0077,开放申购,开放赎回,
2024-01-11,0.5054,0.5054,0.0118,开放申购,开放赎回,
2024-01-10,0.4995,0.4995,-0.0058,开放申购,开放赎回,
2024-01-09,0.5024,0.5024,0.0028,开放申购,开放赎回,
2024-01-08,0.501,0.501,-0.0155,开放申购,开放赎回,
2024-01-05,0.5089,0.5089,-0.0134,开放申购,开放赎回,
2024-01-04,0.5158,0.5158,-0.0088,开放申购,开放赎回,
2024-01-03,0.5204,0.5204,-0.0105,开放申购,开放赎回,
2024-01-02,0.5259,0.5259,-0.0148,开放申购,开放赎回,
2023-12-31,0.5338,0.5338,-0.0002,开放申购,开放赎回,
2023-12-29,0.5339,0.5339,0.0079,开放申购,开放赎回,
2023-12-28,0.5297,0.5297,0.0236,开放申购,开放赎回,
2023-12-27,0.5175,0.5175,0.0008,开放申购,开放赎回,
2023-12-26,0.5171,0.5171,-0.009,开放申购,开放赎回,
2023-12-25,0.5218,0.5218,0.0042,开放申购,开放赎回,
2023-12-22,0.5196,0.5196,-0.0056999999999999,开放申购,开放赎回,
2023-12-21,0.5226,0.5226,0.0139999999999999,开放申购,开放赎回,
2023-12-20,0.5154,0.5154,-0.0102,开放申购,开放赎回,
2023-12-19,0.5207,0.5207,0.0039,开放申购,开放赎回,
2023-12-18,0.5187,0.5187,-0.0088,开放申购,开放赎回,
2023-12-15,0.5233,0.5233,-0.0021,开放申购,开放赎回,
2023-12-14,0.5244,0.5244,-0.0034,开放申购,开放赎回,
2023-12-13,0.5262,0.5262,-0.0176,开放申购,开放赎回,
2023-12-12,0.5356,0.5356,-0.0043,开放申购,开放赎回,
2023-12-11,0.5379,0.5379,0.0079,开放申购,开放赎回,
2023-12-08,0.5337,0.5337,0.0116,开放申购,开放赎回,
2023-12-07,0.5276,0.5276,-0.0045,开放申购,开放赎回,
2023-12-06,0.53,0.53,0.0132,开放申购,开放赎回,
2023-12-05,0.5231,0.5231,-0.0125,开放申购,开放赎回,
2023-12-04,0.5297,0.5297,-0.0079,开放申购,开放赎回,
2023-12-01,0.5339,0.5339,-0.0032,开放申购,开放赎回,
2023-11-30,0.5356,0.5356,-0.0045,开放申购,开放赎回,
2023-11-29,0.538,0.538,-0.0144999999999999,开放申购,开放赎回,
2023-11-28,0.5459,0.5459,-0.0002,开放申购,开放赎回,
2023-11-27,0.546,0.546,-0.0103,开放申购,开放赎回,
2023-11-24,0.5517,0.5517,-0.0162,开放申购,开放赎回,
2023-11-23,0.5608,0.5608,0.0103,开放申购,开放赎回,
2023-11-22,0.5551,0.5551,-0.021,开放申购,开放赎回,
2023-11-21,0.567,0.567,-0.006,开放申购,开放赎回,
2023-11-20,0.5704,0.5704,-0.0034999999999999,开放申购,开放赎回,
2023-11-17,0.5724,0.5724,0.0032,开放申购,开放赎回,
2023-11-16,0.5706,0.5706,-0.0206,开放申购,开放赎回,
2023-11-15,0.5826,0.5826,0.0125,开放申购,开放赎回,
2023-11-14,0.5754,0.5754,-0.0036,开放申购,开放赎回,
2023-11-13,0.5775,0.5775,0.0026,开放申购,开放赎回,
2023-11-10,0.576,0.576,-0.0086,开放申购,开放赎回,
2023-11-09,0.581,0.581,0.0092,开放申购,开放赎回,
2023-11-08,0.5757,0.5757,0.0023,开放申购,开放赎回,
2023-11-07,0.5744,0.5744,-0.0036,开放申购,开放赎回,
2023-11-06,0.5765,0.5765,0.032,开放申购,开放赎回,
2023-11-03,0.5586,0.5586,0.0184,开放申购,开放赎回,
2023-11-02,0.5485,0.5485,-0.0138,开放申购,开放赎回,
2023-11-01,0.5562,0.5562,-0.0124,开放申购,开放赎回,
2023-10-31,0.5632,0.5632,-0.0126,开放申购,开放赎回,
2023-10-30,0.5704,0.5704,0.0163999999999999,开放申购,开放赎回,
2023-10-27,0.5612,0.5612,0.0318,开放申购,开放赎回,
2023-10-26,0.5439,0.5439,-0.0048,开放申购,开放赎回,
2023-10-25,0.5465,0.5465,-0.0062,开放申购,开放赎回,
2023-10-24,0.5499,0.5499,0.0009,开放申购,开放赎回,
2023-10-23,0.5494,0.5494,-0.0144999999999999,开放申购,开放赎回,
2023-10-20,0.5575,0.5575,-0.0002,开放申购,开放赎回,
2023-10-19,0.5576,0.5576,-0.0124,开放申购,开放赎回,
2023-10-18,0.5646,0.5646,-0.0113999999999999,开放申购,开放赎回,
2023-10-17,0.5711,0.5711,0.0009,开放申购,开放赎回,
2023-10-16,0.5706,0.5706,-0.0162,开放申购,开放赎回,
2023-10-13,0.58,0.58,-0.0181,开放申购,开放赎回,
2023-10-12,0.5907,0.5907,0.0148,开放申购,开放赎回,
2023-10-11,0.5821,0.5821,0.0052,开放申购,开放赎回,
2023-10-10,0.5791,0.5791,-0.0103,开放申购,开放赎回,
2023-10-09,0.5851,0.5851,-0.0032,开放申购,开放赎回,
2023-09-28,0.587,0.587,0.0002,开放申购,开放赎回,
2023-09-27,0.5869,0.5869,0.0159,开放申购,开放赎回,
2023-09-26,0.5777,0.5777,-0.0036,开放申购,开放赎回,
2023-09-25,0.5798,0.5798,-0.0081999999999999,开放申购,开放赎回,
2023-09-22,0.5846,0.5846,0.0327,开放申购,开放赎回,
2023-09-21,0.5661,0.5661,-0.0088,开放申购,开放赎回,
2023-09-20,0.5711,0.5711,-0.0063,开放申购,开放赎回,
2023-09-19,0.5747,0.5747,-0.0085,开放申购,开放赎回,
2023-09-18,0.5796,0.5796,0.0081999999999999,开放申购,开放赎回,
2023-09-15,0.5749,0.5749,-0.0067,开放申购,开放赎回,
2023-09-14,0.5788,0.5788,-0.0126,开放申购,开放赎回,
2023-09-13,0.5862,0.5862,-0.0173,开放申购,开放赎回,
2023-09-12,0.5965,0.5965,0.0044,开放申购,开放赎回,
2023-09-11,0.5939,0.5939,0.0104,开放申购,开放赎回,
2023-09-08,0.5878,0.5878,-0.0118,开放申购,开放赎回,
2023-09-07,0.5948,0.5948,-0.0306,开放申购,开放赎回,
2023-09-06,0.6136,0.6136,-0.0097,开放申购,开放赎回,
2023-09-05,0.6196,0.6196,-0.011,开放申购,开放赎回,
2023-09-04,0.6265,0.6265,0.0056,开放申购,开放赎回,
2023-09-01,0.623,0.623,-0.0042,开放申购,开放赎回,
2023-08-31,0.6256,0.6256,-0.0121999999999999,开放申购,开放赎回,
2023-08-30,0.6333,0.6333,0.0029,开放申购,开放赎回,
2023-08-29,0.6315,0.6315,0.022,开放申购,开放赎回,
2023-08-28,0.6179,0.6179,0.017,开放申购,开放赎回,
2023-08-25,0.6076,0.6076,-0.0178,开放申购,开放赎回,
2023-08-24,0.6186,0.6186,0.0194,开放申购,开放赎回,
2023-08-23,0.6068,0.6068,-0.026,开放申购,开放赎回,
2023-08-22,0.623,0.623,0.0048,开放申购,开放赎回,
2023-08-21,0.62,0.62,-0.0184,开放申购,开放赎回,
2023-08-18,0.6316,0.6316,-0.0144999999999999,开放申购,开放赎回,
2023-08-17,0.6409,0.6409,0.0055,开放申购,开放赎回,
2023-08-16,0.6374,0.6374,-0.0098999999999999,开放申购,开放赎回,
2023-08-15,0.6438,0.6438,-0.0163,开放申购,开放赎回,
2023-08-14,0.6545,0.6545,-0.0125,开放申购,开放赎回,
2023-08-11,0.6628,0.6628,-0.0210999999999999,开放申购,开放赎回,
2023-08-10,0.6771,0.6771,0.0039,开放申购,开放赎回,
2023-08-09,0.6745,0.6745,-0.006,开放申购,开放赎回,
2023-08-08,0.6786,0.6786,-0.0066,开放申购,开放赎回,
2023-08-07,0.6831,0.6831,-0.0034,开放申购,开放赎回,
2023-08-04,0.6854,0.6854,0.0098999999999999,开放申购,开放赎回,
2023-08-03,0.6787,0.6787,0.0040999999999999,开放申购,开放赎回,
2023-08-02,0.6759,0.6759,-0.0056,开放申购,开放赎回,
2023-08-01,0.6797,0.6797,-0.0056999999999999,开放申购,开放赎回,
2023-07-31,0.6836,0.6836,0.0070999999999999,开放申购,开放赎回,
2023-07-28,0.6788,0.6788,0.0134,开放申购,开放赎回,
2023-07-27,0.6698,0.6698,-0.0021,开放申购,开放赎回,
2023-07-26,0.6712,0.6712,-0.0016,开放申购,开放赎回,
2023-07-25,0.6723,0.6723,0.0245,开放申购,开放赎回,
2023-07-24,0.6562,0.6562,-0.0109,开放申购,开放赎回,
2023-07-21,0.6634,0.6634,-0.0081,开放申购,开放赎回,
2023-07-20,0.6688,0.6688,-0.0069999999999999,开放申购,开放赎回,
2023-07-19,0.6735,0.6735,-0.0116,开放申购,开放赎回,
2023-07-18,0.6814,0.6814,-0.0038,开放申购,开放赎回,
2023-07-17,0.684,0.684,-0.0104,开放申购,开放赎回,
2023-07-14,0.6912,0.6912,-0.0112,开放申购,开放赎回,
2023-07-13,0.699,0.699,0.0087,开放申购,开放赎回,
2023-07-12,0.693,0.693,-0.0062,开放申购,开放赎回,
2023-07-11,0.6973,0.6973,0.0013,开放申购,开放赎回,
2023-07-10,0.6964,0.6964,0.0149,开放申购,开放赎回,
2023-07-07,0.6862,0.6862,-0.0131,开放申购,开放赎回,
2023-07-06,0.6953,0.6953,-0.0091,开放申购,开放赎回,
2023-07-05,0.7017,0.7017,-0.0132,开放申购,开放赎回,
2023-07-04,0.7111,0.7111,0.0025,开放申购,开放赎回,
2023-07-03,0.7093,0.7093,0.0008,开放申购,开放赎回,
2023-06-30,0.7087,0.7087,0.0116999999999999,开放申购,开放赎回,
2023-06-29,0.7005,0.7005,-0.0023,开放申购,开放赎回,
2023-06-28,0.7021,0.7021,-0.0028,开放申购,开放赎回,
2023-06-27,0.7041,0.7041,0.0054,开放申购,开放赎回,
2023-06-26,0.7003,0.7003,0.0016,开放申购,开放赎回,
2023-06-21,0.6992,0.6992,-0.0169,开放申购,开放赎回,
2023-06-20,0.7112,0.7112,0.0065,开放申购,开放赎回,
2023-06-19,0.7066,0.7066,0.0008,开放申购,开放赎回,
2023-06-16,0.706,0.706,0.0185,开放申购,开放赎回,
2023-06-15,0.6932,0.6932,0.0446,开放申购,开放赎回,
2023-06-14,0.6636,0.6636,-0.006,开放申购,开放赎回,
2023-06-13,0.6676,0.6676,0.005,开放申购,开放赎回,
2023-06-12,0.6643,0.6643,0.0173,开放申购,开放赎回,
2023-06-09,0.653,0.653,0.0179,开放申购,开放赎回,
2023-06-08,0.6415,0.6415,-0.0002,开放申购,开放赎回,
2023-06-07,0.6416,0.6416,-0.0111,开放申购,开放赎回,
2023-06-06,0.6488,0.6488,-0.0128,开放申购,开放赎回,
2023-06-05,0.6572,0.6572,-0.0137,开放申购,开放赎回,
2023-06-02,0.6663,0.6663,0.018,开放申购,开放赎回,
2023-06-01,0.6545,0.6545,-0.0018,开放申购,开放赎回,
2023-05-31,0.6557,0.6557,-0.0076,开放申购,开放赎回,
2023-05-30,0.6607,0.6607,0.0024,开放申购,开放赎回,
2023-05-29,0.6591,0.6591,-0.0374,开放申购,开放赎回,
2023-05-26,0.6847,0.6847,-0.0167,开放申购,开放赎回,
2023-05-25,0.6963,0.6963,0.0077,开放申购,开放赎回,
2023-05-24,0.691,0.691,0.0102,开放申购,开放赎回,
2023-05-23,0.684,0.684,-0.002,开放申购,开放赎回,
2023-05-22,0.6854,0.6854,0.0065,开放申购,开放赎回,
2023-05-19,0.681,0.681,-0.0018,开放申购,开放赎回,
2023-05-18,0.6822,0.6822,-0.0132,开放申购,开放赎回,
2023-05-17,0.6913,0.6913,0.0022,开放申购,开放赎回,
2023-05-16,0.6898,0.6898,0.0066,开放申购,开放赎回,
2023-05-15,0.6853,0.6853,0.0347,开放申购,开放赎回,
2023-05-12,0.6623,0.6623,-0.0174,开放申购,开放赎回,
2023-05-11,0.674,0.674,0.003,开放申购,开放赎回,
2023-05-10,0.672,0.672,0.0133,开放申购,开放赎回,
2023-05-09,0.6632,0.6632,-0.0115,开放申购,开放赎回,
2023-05-08,0.6709,0.6709,-0.0036,开放申购,开放赎回,
2023-05-05,0.6733,0.6733,-0.0151,开放申购,开放赎回,
2023-05-04,0.6836,0.6836,-0.0163,开放申购,开放赎回,
2023-04-28,0.6949,0.6949,-0.003,开放申购,开放赎回,
2023-04-27,0.697,0.697,0.0019,开放申购,开放赎回,
2023-04-26,0.6957,0.6957,0.0467999999999999,开放申购,开放赎回,
2023-04-25,0.6646,0.6646,-0.0283999999999999,开放申购,开放赎回,
2023-04-24,0.684,0.684,-0.0154,开放申购,开放赎回,
2023-04-21,0.6947,0.6947,-0.0115,开放申购,开放赎回,
2023-04-20,0.7028,0.7028,-0.0214,开放申购,开放赎回,
2023-04-19,0.7182,0.7182,-0.0121999999999999,开放申购,开放赎回,
2023-04-18,0.7271,0.7271,0.005,开放申购,开放赎回,
2023-04-17,0.7235,0.7235,0.0109,开放申购,开放赎回,
2023-04-14,0.7157,0.7157,0.0087,开放申购,开放赎回,
2023-04-13,0.7095,0.7095,-0.0098,开放申购,开放赎回,
2023-04-12,0.7165,0.7165,-0.0136,开放申购,开放赎回,
2023-04-11,0.7264,0.7264,-0.0016,开放申购,开放赎回,
2023-04-10,0.7276,0.7276,0.0058,开放申购,开放赎回,
2023-04-07,0.7234,0.7234,0.0028,开放申购,开放赎回,
2023-04-06,0.7214,0.7214,0.0001,开放申购,开放赎回,
2023-04-04,0.7213,0.7213,-0.0172,开放申购,开放赎回,
2023-04-03,0.7339,0.7339,0.0029,开放申购,开放赎回,
2023-03-31,0.7318,0.7318,0.0015,开放申购,开放赎回,
2023-03-30,0.7307,0.7307,0.0062,开放申购,开放赎回,
2023-03-29,0.7262,0.7262,0.0076,开放申购,开放赎回,
2023-03-28,0.7207,0.7207,-0.0078,开放申购,开放赎回,
2023-03-27,0.7264,0.7264,0.0003,开放申购,开放赎回,
2023-03-24,0.7262,0.7262,0.0060999999999999,开放申购,开放赎回,
2023-03-23,0.7218,0.7218,-0.0001,开放申购,开放赎回,
2023-03-22,0.7219,0.7219,0.0046,开放申购,开放赎回,
2023-03-21,0.7186,0.7186,0.0178,开放申购,开放赎回,
2023-03-20,0.706,0.706,0.0089,开放申购,开放赎回,
2023-03-17,0.6998,0.6998,-0.0068,开放申购,开放赎回,
2023-03-16,0.7046,0.7046,-0.024,开放申购,开放赎回,
2023-03-15,0.7219,0.7219,0.0007,开放申购,开放赎回,
2023-03-14,0.7214,0.7214,-0.0078,开放申购,开放赎回,
2023-03-13,0.7271,0.7271,-0.0037,开放申购,开放赎回,
2023-03-10,0.7298,0.7298,-0.0127,开放申购,开放赎回,
2023-03-09,0.7392,0.7392,-0.0034999999999999,开放申购,开放赎回,
2023-03-08,0.7418,0.7418,-0.0058,开放申购,开放赎回,
2023-03-07,0.7461,0.7461,-0.0144999999999999,开放申购,开放赎回,
2023-03-06,0.7571,0.7571,0.0048,开放申购,开放赎回,
2023-03-03,0.7535,0.7535,-0.0005,开放申购,开放赎回,
2023-03-02,0.7539,0.7539,-0.0137,开放申购,开放赎回,
2023-03-01,0.7644,0.7644,0.0033,开放申购,开放赎回,
2023-02-28,0.7619,0.7619,0.0036,开放申购,开放赎回,
2023-02-27,0.7592,0.7592,-0.0037,开放申购,开放赎回,
2023-02-24,0.762,0.762,-0.0138,开放申购,开放赎回,
2023-02-23,0.7727,0.7727,0.0081999999999999,开放申购,开放赎回,
2023-02-22,0.7664,0.7664,-0.0091,开放申购,开放赎回,
2023-02-21,0.7734,0.7734,0.0053,开放申购,开放赎回,
2023-02-20,0.7693,0.7693,0.0037,开放申购,开放赎回,
2023-02-17,0.7665,0.7665,-0.0192,开放申购,开放赎回,
2023-02-16,0.7815,0.7815,-0.0093,开放申购,开放赎回,
2023-02-15,0.7888,0.7888,-0.0063,开放申购,开放赎回,
2023-02-14,0.7938,0.7938,-0.0001,开放申购,开放赎回,
2023-02-13,0.7939,0.7939,0.0039,开放申购,开放赎回,
2023-02-10,0.7908,0.7908,-0.0113999999999999,开放申购,开放赎回,
2023-02-09,0.7999,0.7999,0.0097,开放申购,开放赎回,
2023-02-08,0.7922,0.7922,-0.0039,开放申购,开放赎回,
2023-02-07,0.7953,0.7953,-0.0005,开放申购,开放赎回,
2023-02-06,0.7957,0.7957,-0.0139,开放申购,开放赎回,
2023-02-03,0.8069,0.8069,-0.0113,开放申购,开放赎回,
2023-02-02,0.8161,0.8161,-0.0102,开放申购,开放赎回,
2023-02-01,0.8245,0.8245,0.0093,开放申购,开放赎回,
2023-01-31,0.8169,0.8169,-0.0034999999999999,开放申购,开放赎回,
2023-01-30,0.8198,0.8198,0.0224,开放申购,开放赎回,
2023-01-20,0.8018,0.8018,0.0063,开放申购,开放赎回,
2023-01-19,0.7968,0.7968,0.0009,开放申购,开放赎回,
2023-01-18,0.7961,0.7961,0.0016,开放申购,开放赎回,
2023-01-17,0.7948,0.7948,0.0043,开放申购,开放赎回,
2023-01-16,0.7914,0.7914,0.001,开放申购,开放赎回,
2023-01-13,0.7906,0.7906,0.0023,开放申购,开放赎回,
2023-01-12,0.7888,0.7888,0.01,开放申购,开放赎回,
2023-01-11,0.781,0.781,-0.0104,开放申购,开放赎回,
2023-01-10,0.7892,0.7892,0.0088,开放申购,开放赎回,
2023-01-09,0.7823,0.7823,0.0059,开放申购,开放赎回,
2023-01-06,0.7777,0.7777,0.0194,开放申购,开放赎回,
2023-01-05,0.7629,0.7629,0.0301,开放申购,开放赎回,
2023-01-04,0.7406,0.7406,-0.0182,开放申购,开放赎回,
2023-01-03,0.7543,0.7543,0.0116999999999999,开放申购,开放赎回,
2022-12-31,0.7456,0.7456,0.0,开放申购,开放赎回,
2022-12-30,0.7456,0.7456,-0.0048,开放申购,开放赎回,
2022-12-29,0.7492,0.7492,0.0,开放申购,开放赎回,
2022-12-28,0.7492,0.7492,-0.0093999999999999,开放申购,开放赎回,
2022-12-27,0.7563,0.7563,0.0087,开放申购,开放赎回,
2022-12-26,0.7498,0.7498,0.0335,开放申购,开放赎回,
2022-12-23,0.7255,0.7255,-0.0133,开放申购,开放赎回,
2022-12-22,0.7353,0.7353,-0.0008,开放申购,开放赎回,
2022-12-21,0.7359,0.7359,-0.0098,开放申购,开放赎回,
2022-12-20,0.7432,0.7432,-0.0116999999999999,开放申购,开放赎回,
2022-12-19,0.752,0.752,-0.0003,开放申购,开放赎回,
2022-12-16,0.7522,0.7522,-0.0144999999999999,开放申购,开放赎回,
2022-12-15,0.7633,0.7633,0.0169,开放申购,开放赎回,
2022-12-14,0.7506,0.7506,-0.0060999999999999,开放申购,开放赎回,
2022-12-13,0.7552,0.7552,-0.0113,开放申购,开放赎回,
2022-12-12,0.7638,0.7638,-0.0095,开放申购,开放赎回,
2022-12-09,0.7711,0.7711,0.0023,开放申购,开放赎回,
2022-12-08,0.7693,0.7693,0.0029,开放申购,开放赎回,
2022-12-07,0.7671,0.7671,0.0052,开放申购,开放赎回,
2022-12-06,0.7631,0.7631,0.0046,开放申购,开放赎回,
2022-12-05,0.7596,0.7596,-0.0056,开放申购,开放赎回,
2022-12-02,0.7639,0.7639,-0.0049,开放申购,开放赎回,
2022-12-01,0.7677,0.7677,0.0092,开放申购,开放赎回,
2022-11-30,0.7607,0.7607,0.0129,开放申购,开放赎回,
2022-11-29,0.751,0.751,0.0146,开放申购,开放赎回,
2022-11-28,0.7402,0.7402,-0.0043,开放申购,开放赎回,
2022-11-25,0.7434,0.7434,-0.0135,开放申购,开放赎回,
2022-11-24,0.7536,0.7536,-0.0005,开放申购,开放赎回,
2022-11-23,0.754,0.754,0.0048,开放申购,开放赎回,
2022-11-22,0.7504,0.7504,-0.0152,开放申购,开放赎回,
2022-11-21,0.762,0.762,0.0018,开放申购,开放赎回,
2022-11-18,0.7606,0.7606,-0.0033,开放申购,开放赎回,
2022-11-17,0.7631,0.7631,-0.0132,开放申购,开放赎回,
2022-11-16,0.7733,0.7733,-0.0157,开放申购,开放赎回,
2022-11-15,0.7856,0.7856,0.0187,开放申购,开放赎回,
2022-11-14,0.7712,0.7712,-0.0175,开放申购,开放赎回,
2022-11-11,0.7849,0.7849,0.0191,开放申购,开放赎回,
2022-11-10,0.7702,0.7702,-0.0182,开放申购,开放赎回,
2022-11-09,0.7845,0.7845,-0.0125,开放申购,开放赎回,
2022-11-08,0.7944,0.7944,-0.0065,开放申购,开放赎回,
2022-11-07,0.7996,0.7996,-0.0025,开放申购,开放赎回,
2022-11-04,0.8016,0.8016,0.0394,开放申购,开放赎回,
2022-11-03,0.7712,0.7712,-0.0039,开放申购,开放赎回,
2022-11-02,0.7742,0.7742,0.0196,开放申购,开放赎回,
2022-11-01,0.7593,0.7593,0.0352,开放申购,开放赎回,
2022-10-31,0.7335,0.7335,-0.0056,开放申购,开放赎回,
2022-10-28,0.7376,0.7376,-0.0282,开放申购,开放赎回,
2022-10-27,0.759,0.759,-0.0102,开放申购,开放赎回,
2022-10-26,0.7668,0.7668,0.0072,开放申购,开放赎回,
2022-10-25,0.7613,0.7613,0.0106,开放申购,开放赎回,
2022-10-24,0.7533,0.7533,-0.0163,开放申购,开放赎回,
2022-10-21,0.7658,0.7658,-0.0017,开放申购,开放赎回,
2022-10-20,0.7671,0.7671,-0.0163999999999999,开放申购,开放赎回,
2022-10-19,0.7799,0.7799,-0.0116999999999999,开放申购,开放赎回,
2022-10-18,0.7891,0.7891,0.0032,开放申购,开放赎回,
2022-10-17,0.7866,0.7866,-0.0078,开放申购,开放赎回,
2022-10-14,0.7928,0.7928,0.0227999999999999,开放申购,开放赎回,
2022-10-13,0.7751,0.7751,-0.0073,开放申购,开放赎回,
2022-10-12,0.7808,0.7808,0.0259,开放申购,开放赎回,
2022-10-11,0.7611,0.7611,0.0085,开放申购,开放赎回,
2022-10-10,0.7547,0.7547,-0.0246,开放申购,开放赎回,
2022-09-30,0.7737,0.7737,-0.0203,开放申购,开放赎回,
2022-09-29,0.7897,0.7897,0.0033,开放申购,开放赎回,
2022-09-28,0.7871,0.7871,-0.0277,开放申购,开放赎回,
2022-09-27,0.8095,0.8095,0.0081,开放申购,开放赎回,
2022-09-26,0.803,0.803,0.0085,开放申购,开放赎回,
2022-09-23,0.7962,0.7962,-0.0097,开放申购,开放赎回,
2022-09-22,0.804,0.804,-0.0026,开放申购,开放赎回,
2022-09-21,0.8061,0.8061,-0.0078,开放申购,开放赎回,
2022-09-20,0.8124,0.8124,0.0131,开放申购,开放赎回,
2022-09-19,0.8019,0.8019,0.0,开放申购,开放赎回,
2022-09-16,0.8019,0.8019,-0.0168,开放申购,开放赎回,
2022-09-15,0.8156,0.8156,-0.0266,开放申购,开放赎回,
2022-09-14,0.8379,0.8379,-0.0153,开放申购,开放赎回,
2022-09-13,0.8509,0.8509,0.0051,开放申购,开放赎回,
2022-09-09,0.8466,0.8466,0.0065,开放申购,开放赎回,
2022-09-08,0.8411,0.8411,-0.0105,开放申购,开放赎回,
2022-09-07,0.85,0.85,0.0098999999999999,开放申购,开放赎回,
2022-09-06,0.8417,0.8417,0.018,开放申购,开放赎回,
2022-09-05,0.8268,0.8268,-0.0033,开放申购,开放赎回,
2022-09-02,0.8295,0.8295,-0.0029,开放申购,开放赎回,
2022-09-01,0.8319,0.8319,-0.0102,开放申购,开放赎回,
2022-08-31,0.8405,0.8405,-0.0231,开放申购,开放赎回,
2022-08-30,0.8604,0.8604,-0.006,开放申购,开放赎回,
2022-08-29,0.8656,0.8656,0.0,开放申购,开放赎回,
2022-08-26,0.8656,0.8656,-0.0027,开放申购,开放赎回,
2022-08-25,0.8679,0.8679,-0.0034,开放申购,开放赎回,
2022-08-24,0.8709,0.8709,-0.0308999999999999,开放申购,开放赎回,
2022-08-23,0.8987,0.8987,0.0006,开放申购,开放赎回,
2022-08-22,0.8982,0.8982,0.015,开放申购,开放赎回,
2022-08-19,0.8849,0.8849,-0.0168,开放申购,开放赎回,
2022-08-18,0.9,0.9,-0.0004,开放申购,开放赎回,
2022-08-17,0.9004,0.9004,0.0046,开放申购,开放赎回,
2022-08-16,0.8963,0.8963,0.0063,开放申购,开放赎回,
2022-08-15,0.8907,0.8907,0.0139,开放申购,开放赎回,
2022-08-12,0.8785,0.8785,-0.011,开放申购,开放赎回,
2022-08-11,0.8883,0.8883,0.0025,开放申购,开放赎回,
2022-08-10,0.8861,0.8861,-0.0093999999999999,开放申购,开放赎回,
2022-08-09,0.8945,0.8945,0.0060999999999999,开放申购,开放赎回,
2022-08-08,0.8891,0.8891,0.0106,开放申购,开放赎回,
2022-08-05,0.8798,0.8798,0.0034999999999999,开放申购,开放赎回,
2022-08-04,0.8767,0.8767,-0.0003,开放申购,开放赎回,
2022-08-03,0.877,0.877,-0.0226,开放申购,开放赎回,
2022-08-02,0.8973,0.8973,-0.0173,开放申购,开放赎回,
2022-08-01,0.9131,0.9131,0.015,开放申购,开放赎回,
2022-07-29,0.8996,0.8996,-0.0081999999999999,开放申购,开放赎回,
2022-07-28,0.907,0.907,0.0008,开放申购,开放赎回,
2022-07-27,0.9063,0.9063,0.0063,开放申购,开放赎回,
2022-07-26,0.9006,0.9006,0.0144999999999999,开放申购,开放赎回,
2022-07-25,0.8877,0.8877,-0.0149,开放申购,开放赎回,
2022-07-22,0.9011,0.9011,0.0056,开放申购,开放赎回,
2022-07-21,0.8961,0.8961,-0.0121,开放申购,开放赎回,
2022-07-20,0.9071,0.9071,0.0044,开放申购,开放赎回,
2022-07-19,0.9031,0.9031,-0.0097,开放申购,开放赎回,
2022-07-18,0.9119,0.9119,0.0095,开放申购,开放赎回,
2022-07-15,0.9033,0.9033,-0.0024,开放申购,开放赎回,
2022-07-14,0.9055,0.9055,0.0098999999999999,开放申购,开放赎回,
2022-07-13,0.8966,0.8966,0.0112,开放申购,开放赎回,
2022-07-12,0.8867,0.8867,-0.0124,开放申购,开放赎回,
2022-07-11,0.8978,0.8978,-0.0255,开放申购,开放赎回,
2022-07-08,0.9213,0.9213,-0.0163,开放申购,开放赎回,
2022-07-07,0.9366,0.9366,0.0195,开放申购,开放赎回,
2022-07-06,0.9187,0.9187,-0.013,开放申购,开放赎回,
2022-07-05,0.9308,0.9308,-0.0044,开放申购,开放赎回,
2022-07-04,0.9349,0.9349,0.0069,开放申购,开放赎回,
2022-07-01,0.9285,0.9285,0.0029,开放申购,开放赎回,
2022-06-30,0.9258,0.9258,0.015,开放申购,开放赎回,
2022-06-29,0.9121,0.9121,-0.0293,开放申购,开放赎回,
2022-06-28,0.9396,0.9396,0.0052,开放申购,开放赎回,
2022-06-27,0.9347,0.9347,0.0087,开放申购,开放赎回,
2022-06-24,0.9266,0.9266,0.011,开放申购,开放赎回,
2022-06-23,0.9165,0.9165,0.0276,开放申购,开放赎回,
2022-06-22,0.8919,0.8919,-0.0019,开放申购,开放赎回,
2022-06-21,0.8936,0.8936,-0.0108,开放申购,开放赎回,
2022-06-20,0.9034,0.9034,0.0083,开放申购,开放赎回,
2022-06-17,0.896,0.896,0.0255,开放申购,开放赎回,
2022-06-16,0.8737,0.8737,0.0008,开放申购,开放赎回,
2022-06-15,0.873,0.873,0.0011,开放申购,开放赎回,
2022-06-14,0.872,0.872,0.0081999999999999,开放申购,开放赎回,
2022-06-13,0.8649,0.8649,-0.0018,开放申购,开放赎回,
2022-06-10,0.8665,0.8665,0.025,开放申购,开放赎回,
2022-06-09,0.8454,0.8454,-0.0149,开放申购,开放赎回,
2022-06-08,0.8582,0.8582,0.0111,开放申购,开放赎回,
2022-06-07,0.8488,0.8488,0.0002,开放申购,开放赎回,
2022-06-06,0.8486,0.8486,0.022,开放申购,开放赎回,
2022-06-02,0.8303,0.8303,0.0174,开放申购,开放赎回,
2022-06-01,0.8161,0.8161,0.0034,开放申购,开放赎回,
2022-05-31,0.8133,0.8133,0.0138,开放申购,开放赎回,
2022-05-30,0.8022,0.8022,0.0083,开放申购,开放赎回,
2022-05-27,0.7956,0.7956,-0.0023,开放申购,开放赎回,
2022-05-26,0.7974,0.7974,0.0037,开放申购,开放赎回,
2022-05-25,0.7945,0.7945,0.0088,开放申购,开放赎回,
2022-05-24,0.7876,0.7876,-0.0285,开放申购,开放赎回,
2022-05-23,0.8107,0.8107,-0.0031,开放申购,开放赎回,
2022-05-20,0.8132,0.8132,0.0106,开放申购,开放赎回,
2022-05-19,0.8047,0.8047,0.0105,开放申购,开放赎回,
2022-05-18,0.7963,0.7963,-0.0036,开放申购,开放赎回,
2022-05-17,0.7992,0.7992,0.0137,开放申购,开放赎回,
2022-05-16,0.7884,0.7884,0.0014,开放申购,开放赎回,
2022-05-13,0.7873,0.7873,0.0101,开放申购,开放赎回,
2022-05-12,0.7794,0.7794,-0.0034999999999999,开放申购,开放赎回,
2022-05-11,0.7821,0.7821,0.0149,开放申购,开放赎回,
2022-05-10,0.7706,0.7706,0.0138,开放申购,开放赎回,
2022-05-09,0.7601,0.7601,-0.003,开放申购,开放赎回,
2022-05-06,0.7624,0.7624,-0.0243,开放申购,开放赎回,
2022-05-05,0.7814,0.7814,-0.0001,开放申购,开放赎回,
2022-04-29,0.7815,0.7815,0.0296,开放申购,开放赎回,
2022-04-28,0.759,0.759,0.0088,开放申购,开放赎回,
2022-04-27,0.7524,0.7524,0.0405,开放申购,开放赎回,
2022-04-26,0.7231,0.7231,-0.0096,开放申购,开放赎回,
2022-04-25,0.7301,0.7301,-0.0486,开放申购,开放赎回,
2022-04-22,0.7674,0.7674,0.0025,开放申购,开放赎回,
2022-04-21,0.7655,0.7655,-0.0288,开放申购,开放赎回,
2022-04-20,0.7882,0.7882,-0.027,开放申购,开放赎回,
2022-04-19,0.8101,0.8101,0.0009,开放申购,开放赎回,
2022-04-18,0.8094,0.8094,0.0051,开放申购,开放赎回,
2022-04-15,0.8053,0.8053,-0.0058,开放申购,开放赎回,
2022-04-14,0.81,0.81,0.0115,开放申购,开放赎回,
2022-04-13,0.8008,0.8008,-0.0081,开放申购,开放赎回,
2022-04-12,0.8073,0.8073,0.0075,开放申购,开放赎回,
2022-04-11,0.8013,0.8013,-0.0426999999999999,开放申购,开放赎回,
2022-04-08,0.837,0.837,0.0024,开放申购,开放赎回,
2022-04-07,0.835,0.835,-0.0098,开放申购,开放赎回,
2022-04-06,0.8433,0.8433,-0.0098999999999999,开放申购,开放赎回,
2022-04-01,0.8517,0.8517,0.0086,开放申购,开放赎回,
2022-03-31,0.8444,0.8444,-0.0183,开放申购,开放赎回,
2022-03-30,0.8601,0.8601,0.0247,开放申购,开放赎回,
2022-03-29,0.8394,0.8394,-0.0017,开放申购,开放赎回,
2022-03-28,0.8408,0.8408,-0.0070999999999999,开放申购,开放赎回,
2022-03-25,0.8468,0.8468,-0.0220999999999999,开放申购,开放赎回,
2022-03-24,0.8659,0.8659,-0.0056999999999999,开放申购,开放赎回,
2022-03-23,0.8709,0.8709,0.0017,开放申购,开放赎回,
2022-03-22,0.8694,0.8694,-0.0002,开放申购,开放赎回,
2022-03-21,0.8696,0.8696,0.0064,开放申购,开放赎回,
2022-03-18,0.8641,0.8641,0.002,开放申购,开放赎回,
2022-03-17,0.8624,0.8624,0.017,开放申购,开放赎回,
2022-03-16,0.848,0.848,0.0469,开放申购,开放赎回,
2022-03-15,0.81,0.81,-0.0334,开放申购,开放赎回,
2022-03-14,0.838,0.838,-0.031,开放申购,开放赎回,
2022-03-11,0.8648,0.8648,-0.0056999999999999,开放申购,开放赎回,
2022-03-10,0.8698,0.8698,0.027,开放申购,开放赎回,
2022-03-09,0.8469,0.8469,-0.0029,开放申购,开放赎回,
2022-03-08,0.8494,0.8494,-0.0283999999999999,开放申购,开放赎回,
2022-03-07,0.8742,0.8742,-0.0242,开放申购,开放赎回,
2022-03-04,0.8959,0.8959,-0.0116,开放申购,开放赎回,
2022-03-03,0.9064,0.9064,-0.0168,开放申购,开放赎回,
2022-03-02,0.9219,0.9219,-0.0101,开放申购,开放赎回,
2022-03-01,0.9313,0.9313,-0.0069,开放申购,开放赎回,
2022-02-28,0.9378,0.9378,0.0152,开放申购,开放赎回,
2022-02-25,0.9238,0.9238,0.0209,开放申购,开放赎回,
2022-02-24,0.9049,0.9049,-0.0174,开放申购,开放赎回,
2022-02-23,0.9209,0.9209,0.0182,开放申购,开放赎回,
2022-02-22,0.9044,0.9044,-0.0037,开放申购,开放赎回,
2022-02-21,0.9078,0.9078,-0.0024,开放申购,开放赎回,
2022-02-18,0.91,0.91,-0.0013,开放申购,开放赎回,
2022-02-17,0.9112,0.9112,0.0135,开放申购,开放赎回,
2022-02-16,0.8991,0.8991,-0.0002,开放申购,开放赎回,
2022-02-15,0.8993,0.8993,0.0197,开放申购,开放赎回,
2022-02-14,0.8819,0.8819,-0.0019,开放申购,开放赎回,
2022-02-11,0.8836,0.8836,-0.0089,开放申购,开放赎回,
2022-02-10,0.8915,0.8915,-0.0113,开放申购,开放赎回,
2022-02-09,0.9017,0.9017,0.0152,开放申购,开放赎回,
2022-02-08,0.8882,0.8882,-0.0255,开放申购,开放赎回,
2022-02-07,0.9114,0.9114,0.0067,开放申购,开放赎回,
2022-01-28,0.9053,0.9053,-0.0105,开放申购,开放赎回,
2022-01-27,0.9149,0.9149,-0.0243,开放申购,开放赎回,
2022-01-26,0.9377,0.9377,0.0113,开放申购,开放赎回,
2022-01-25,0.9272,0.9272,-0.0235,开放申购,开放赎回,
2022-01-24,0.9495,0.9495,0.0126,开放申购,开放赎回,
2022-01-21,0.9377,0.9377,-0.0073,开放申购,开放赎回,
2022-01-20,0.9446,0.9446,-0.0106,开放申购,开放赎回,
2022-01-19,0.9547,0.9547,-0.0215,开放申购,开放赎回,
2022-01-18,0.9757,0.9757,0.0012,开放申购,开放赎回,
2022-01-17,0.9745,0.9745,0.017,开放申购,开放赎回,
2022-01-14,0.9582,0.9582,0.0069999999999999,开放申购,开放赎回,
2022-01-13,0.9515,0.9515,-0.0197,开放申购,开放赎回,
2022-01-12,0.9706,0.9706,0.022,开放申购,开放赎回,
2022-01-11,0.9497,0.9497,-0.0155,开放申购,开放赎回,
2022-01-10,0.9647,0.9647,-0.0053,开放申购,开放赎回,
2022-01-07,0.9698,0.9698,-0.0247,开放申购,开放赎回,
2022-01-06,0.9944,0.9944,0.0013,开放申购,开放赎回,
2022-01-05,0.9931,0.9931,-0.0302999999999999,开放申购,开放赎回,
2022-01-04,1.0241,1.0241,-0.0272,开放申购,开放赎回,
2021-12-31,1.0527,1.0527,0.0049,开放申购,开放赎回,
2021-12-30,1.0476,1.0476,0.0088,开放申购,开放赎回,
2021-12-29,1.0385,1.0385,-0.0055,开放申购,开放赎回,
2021-12-28,1.0442,1.0442,0.0165,开放申购,开放赎回,
2021-12-27,1.0272,1.0272,0.0004,开放申购,开放赎回,
2021-12-24,1.0268,1.0268,-0.0254,开放申购,开放赎回,
2021-12-23,1.0536,1.0536,-0.0002,开放申购,开放赎回,
2021-12-22,1.0538,1.0538,0.002,开放申购,开放赎回,
2021-12-21,1.0517,1.0517,0.0040999999999999,开放申购,开放赎回,
2021-12-20,1.0474,1.0474,-0.0253,开放申购,开放赎回,
2021-12-17,1.0746,1.0746,-0.0219,开放申购,开放赎回,
2021-12-16,1.0987,1.0987,0.0006,开放申购,开放赎回,
2021-12-15,1.098,1.098,-0.0072,开放申购,开放赎回,
2021-12-14,1.106,1.106,-0.0151,开放申购,开放赎回,
2021-12-13,1.1229,1.1229,-0.001,开放申购,开放赎回,
2021-12-10,1.124,1.124,0.0103,开放申购,开放赎回,
2021-12-09,1.1125,1.1125,0.0032,开放申购,开放赎回,
2021-12-08,1.1089,1.1089,0.0222,开放申购,开放赎回,
2021-12-07,1.0848,1.0848,-0.0235,开放申购,开放赎回,
2021-12-06,1.1109,1.1109,-0.0235,开放申购,开放赎回,
2021-12-03,1.1376,1.1376,-0.0001,开放申购,开放赎回,
2021-12-02,1.1377,1.1377,-0.0004,开放申购,开放赎回,
2021-12-01,1.1382,1.1382,-0.0027,开放申购,开放赎回,
2021-11-30,1.1413,1.1413,0.0001,开放申购,开放赎回,
2021-11-29,1.1412,1.1412,0.0285,开放申购,开放赎回,
2021-11-26,1.1096,1.1096,0.011,开放申购,开放赎回,
2021-11-25,1.0975,1.0975,-0.0044,开放申购,开放赎回,
2021-11-24,1.1023,1.1023,-0.0075,开放申购,开放赎回,
2021-11-23,1.1106,1.1106,-0.0128,开放申购,开放赎回,
2021-11-22,1.125,1.125,0.0258,开放申购,开放赎回,
2021-11-19,1.0967,1.0967,0.0029,开放申购,开放赎回,
2021-11-18,1.0935,1.0935,0.0034999999999999,开放申购,开放赎回,
2021-11-17,1.0897,1.0897,0.0343,开放申购,开放赎回,
2021-11-16,1.0536,1.0536,-0.0141,开放申购,开放赎回,
2021-11-15,1.0687,1.0687,-0.027,开放申购,开放赎回,
2021-11-12,1.0983,1.0983,0.004,开放申购,开放赎回,
2021-11-11,1.0939,1.0939,0.0025,开放申购,开放赎回,
2021-11-10,1.0912,1.0912,-0.0254,开放申购,开放赎回,
2021-11-09,1.1196,1.1196,0.0174,开放申购,开放赎回,
2021-11-08,1.1004,1.1004,0.0223,开放申购,开放赎回,
2021-11-05,1.0764,1.0764,-0.0260999999999999,开放申购,开放赎回,
2021-11-04,1.1053,1.1053,0.0056999999999999,开放申购,开放赎回,
2021-11-03,1.099,1.099,-0.0106,开放申购,开放赎回,
2021-11-02,1.1108,1.1108,-0.0176,开放申购,开放赎回,
2021-11-01,1.1307,1.1307,-0.0213,开放申购,开放赎回,
2021-10-29,1.1553,1.1553,0.0134,开放申购,开放赎回,
2021-10-28,1.14,1.14,-0.0322,开放申购,开放赎回,
2021-10-27,1.1779,1.1779,0.0132,开放申购,开放赎回,
2021-10-26,1.1626,1.1626,-0.0034999999999999,开放申购,开放赎回,
2021-10-25,1.1667,1.1667,0.0266,开放申购,开放赎回,
2021-10-22,1.1365,1.1365,-0.0104,开放申购,开放赎回,
2021-10-21,1.1484,1.1484,-0.012,开放申购,开放赎回,
2021-10-20,1.1624,1.1624,0.0187999999999999,开放申购,开放赎回,
2021-10-19,1.141,1.141,0.0052,开放申购,开放赎回,
2021-10-18,1.1351,1.1351,0.0249,开放申购,开放赎回,
2021-10-15,1.1075,1.1075,0.0162,开放申购,开放赎回,
2021-10-14,1.0898,1.0898,0.011,开放申购,开放赎回,
2021-10-13,1.0779,1.0779,0.0335,开放申购,开放赎回,
2021-10-12,1.043,1.043,-0.0274,开放申购,开放赎回,
2021-10-11,1.0724,1.0724,-0.0081999999999999,开放申购,开放赎回,
2021-10-08,1.0813,1.0813,-0.0285,开放申购,开放赎回,
2021-09-30,1.113,1.113,0.0473,开放申购,开放赎回,
2021-09-29,1.0627,1.0627,-0.0464,开放申购,开放赎回,
2021-09-28,1.1144,1.1144,-0.0085,开放申购,开放赎回,
2021-09-27,1.124,1.124,-0.0412,开放申购,开放赎回,
2021-09-24,1.1723,1.1723,-0.0024,开放申购,开放赎回,
2021-09-23,1.1751,1.1751,-0.0063,开放申购,开放赎回,
2021-09-22,1.1825,1.1825,-0.0029,开放申购,开放赎回,
2021-09-17,1.1859,1.1859,-0.005,开放申购,开放赎回,
2021-09-16,1.1918,1.1918,-0.0573,开放申购,开放赎回,
2021-09-15,1.2643,1.2643,0.0012,开放申购,开放赎回,
2021-09-14,1.2628,1.2628,-0.0060999999999999,开放申购,开放赎回,
2021-09-13,1.2705,1.2705,-0.0109,开放申购,开放赎回,
2021-09-10,1.2845,1.2845,0.0353,开放申购,开放赎回,
2021-09-09,1.2407,1.2407,0.0151,开放申购,开放赎回,
2021-09-08,1.2223,1.2223,-0.0093999999999999,开放申购,开放赎回,
2021-09-07,1.2339,1.2339,0.0275,开放申购,开放赎回,
2021-09-06,1.2009,1.2009,-0.0019,开放申购,开放赎回,
2021-09-03,1.2032,1.2032,-0.0423,开放申购,开放赎回,
2021-09-02,1.2564,1.2564,0.0389,开放申购,开放赎回,
2021-09-01,1.2093,1.2093,-0.0426999999999999,开放申购,开放赎回,
2021-08-31,1.2633,1.2633,0.0144,开放申购,开放赎回,
2021-08-30,1.2454,1.2454,0.0334,开放申购,开放赎回,
2021-08-27,1.2051,1.2051,0.0272,开放申购,开放赎回,
2021-08-26,1.1732,1.1732,-0.0128,开放申购,开放赎回,
2021-08-25,1.1884,1.1884,0.0034,开放申购,开放赎回,
2021-08-24,1.1844,1.1844,0.006,开放申购,开放赎回,
2021-08-23,1.1773,1.1773,0.0334,开放申购,开放赎回,
2021-08-20,1.1392,1.1392,0.0032,开放申购,开放赎回,
2021-08-19,1.1356,1.1356,0.0264,开放申购,开放赎回,
2021-08-18,1.1064,1.1064,0.0088,开放申购,开放赎回,
2021-08-17,1.0967,1.0967,-0.0113999999999999,开放申购,开放赎回,
2021-08-16,1.1094,1.1094,-0.0253,开放申购,开放赎回,
2021-08-13,1.1382,1.1382,-0.002,开放申购,开放赎回,
2021-08-12,1.1405,1.1405,-0.0002,开放申购,开放赎回,
2021-08-11,1.1407,1.1407,0.0067,开放申购,开放赎回,
2021-08-10,1.1331,1.1331,-0.0060999999999999,开放申购,开放赎回,
2021-08-09,1.1401,1.1401,-0.0139999999999999,开放申购,开放赎回,
2021-08-06,1.1563,1.1563,0.0026,开放申购,开放赎回,
2021-08-05,1.1533,1.1533,-0.0093,开放申购,开放赎回,
2021-08-04,1.1641,1.1641,0.0527,开放申购,开放赎回,
2021-08-03,1.1058,1.1058,-0.0353,开放申购,开放赎回,
2021-08-02,1.1463,1.1463,0.0220999999999999,开放申购,开放赎回,
2021-07-30,1.1215,1.1215,0.0102,开放申购,开放赎回,
2021-07-29,1.1102,1.1102,0.0561,开放申购,开放赎回,
2021-07-28,1.0512,1.0512,0.0043,开放申购,开放赎回,
2021-07-27,1.0467,1.0467,-0.0546,开放申购,开放赎回,
2021-07-26,1.1071,1.1071,-0.0177,开放申购,开放赎回,
2021-07-23,1.127,1.127,-0.0207,开放申购,开放赎回,
2021-07-22,1.1508,1.1508,0.0159,开放申购,开放赎回,
2021-07-21,1.1328,1.1328,0.0496999999999999,开放申购,开放赎回,
2021-07-20,1.0792,1.0792,0.0055,开放申购,开放赎回,
2021-07-19,1.0733,1.0733,-0.0113999999999999,开放申购,开放赎回,
2021-07-16,1.0857,1.0857,-0.0202,开放申购,开放赎回,
2021-07-15,1.1081,1.1081,0.02,开放申购,开放赎回,
2021-07-14,1.0864,1.0864,-0.0197999999999999,开放申购,开放赎回,
2021-07-13,1.1084,1.1084,0.0113,开放申购,开放赎回,
2021-07-12,1.096,1.096,0.0262,开放申购,开放赎回,
2021-07-09,1.068,1.068,0.0115,开放申购,开放赎回,
2021-07-08,1.0559,1.0559,-0.0013,开放申购,开放赎回,
2021-07-07,1.0573,1.0573,0.0197999999999999,开放申购,开放赎回,
2021-07-06,1.0368,1.0368,-0.0058,开放申购,开放赎回,
2021-07-05,1.0429,1.0429,0.0075,开放申购,开放赎回,
2021-07-02,1.0351,1.0351,-0.0112,开放申购,开放赎回,
2021-07-01,1.0468,1.0468,-0.0051,开放申购,开放赎回,
2021-06-30,1.0522,1.0522,0.0040999999999999,开放申购,开放赎回,
2021-06-29,1.0479,1.0479,-0.0029,开放申购,开放赎回,
2021-06-28,1.051,1.051,0.0052,开放申购,开放赎回,
2021-06-25,1.0456,1.0456,0.0098999999999999,开放申购,开放赎回,
2021-06-24,1.0353,1.0353,0.003,开放申购,开放赎回,
2021-06-23,1.0322,1.0322,0.003,开放申购,开放赎回,
2021-06-22,1.0291,1.0291,0.0013,开放申购,开放赎回,
2021-06-21,1.0278,1.0278,0.0064,开放申购,开放赎回,
2021-06-18,1.0213,1.0213,0.0077,开放申购,开放赎回,
2021-06-17,1.0135,1.0135,0.0067,开放申购,开放赎回,
2021-06-16,1.0068,1.0068,-0.0202,开放申购,开放赎回,
2021-06-15,1.0276,1.0276,-0.0060999999999999,开放申购,开放赎回,
2021-06-11,1.0339,1.0339,0.0053,开放申购,开放赎回,
2021-06-10,1.0285,1.0285,0.0121999999999999,开放申购,开放赎回,
2021-06-09,1.0161,1.0161,0.0038,开放申购,开放赎回,
2021-06-08,1.0123,1.0123,-0.0044,开放申购,开放赎回,
2021-06-07,1.0168,1.0168,-0.0025,开放申购,开放赎回,
2021-06-04,1.0193,1.0193,-0.0012,开放申购,开放赎回,
2021-06-03,1.0205,1.0205,-0.0072,开放申购,开放赎回,
2021-06-02,1.0279,1.0279,-0.0075,开放申购,开放赎回,
2021-06-01,1.0357,1.0357,-0.0031,开放申购,开放赎回,
2021-05-31,1.0389,1.0389,0.0093,开放申购,开放赎回,
2021-05-28,1.0293,1.0293,-0.0005,开放申购,开放赎回,
2021-05-27,1.0298,1.0298,0.0025,开放申购,开放赎回,
2021-05-26,1.0272,1.0272,-0.0026,开放申购,开放赎回,
2021-05-25,1.0299,1.0299,0.0097,开放申购,开放赎回,
2021-05-24,1.02,1.02,-0.0013,开放申购,开放赎回,
2021-05-21,1.0213,1.0213,-0.0013,开放申购,开放赎回,
2021-05-20,1.0226,1.0226,-0.0039,开放申购,开放赎回,
2021-05-19,1.0266,1.0266,0.0037,开放申购,开放赎回,
2021-05-18,1.0228,1.0228,-0.001,开放申购,开放赎回,
2021-05-17,1.0238,1.0238,0.0095,开放申购,开放赎回,
2021-05-14,1.0142,1.0142,0.0068,开放申购,开放赎回,
2021-05-13,1.0074,1.0074,-0.0054,开放申购,开放赎回,
2021-05-12,1.0129,1.0129,0.0025,开放申购,开放赎回,
2021-05-11,1.0104,1.0104,-0.0023,开放申购,开放赎回,
2021-05-10,1.0127,1.0127,0.0038,开放申购,开放赎回,
2021-05-07,1.0089,1.0089,-0.0063,开放申购,开放赎回,
2021-05-06,1.0153,1.0153,-0.0016,开放申购,开放赎回,
2021-04-30,1.0169,1.0169,0.002,开放申购,开放赎回,
2021-04-29,1.0149,1.0149,0.0037,开放申购,开放赎回,
2021-04-28,1.0112,1.0112,0.0032,开放申购,开放赎回,
2021-04-27,1.008,1.008,0.0014,开放申购,开放赎回,
2021-04-26,1.0066,1.0066,0.0023,开放申购,开放赎回,
2021-04-23,1.0043,1.0043,0.0049,开放申购,开放赎回,
2021-04-22,0.9994,0.9994,0.003,开放申购,开放赎回,
2021-04-21,0.9964,0.9964,-0.0003,开放申购,开放赎回,
2021-04-20,0.9967,0.9967,0.002,开放申购,开放赎回,
2021-04-19,0.9947,0.9947,0.0058,开放申购,开放赎回,
2021-04-16,0.989,0.989,0.0015,开放申购,开放赎回,
2021-04-15,0.9875,0.9875,-0.0019,开放申购,开放赎回,
2021-04-14,0.9894,0.9894,0.0021,开放申购,开放赎回,
2021-04-13,0.9873,0.9873,-0.0025,开放申购,开放赎回,
2021-04-12,0.9898,0.9898,-0.0060999999999999,开放申购,开放赎回,
2021-04-09,0.9959,0.9959,-0.0045,开放申购,开放赎回,
2021-04-08,1.0004,1.0004,-0.0007,开放申购,开放赎回,
2021-04-07,1.0011,1.0011,0.0002,开放申购,开放赎回,
2021-04-06,1.0009,1.0009,0.0001,开放申购,开放赎回,
2021-04-02,1.0008,1.0008,0.0,开放申购,开放赎回,
2021-04-01,1.0008,1.0008,0.0046999999999999,开放申购,开放赎回,
2021-03-31,0.9961,0.9961,-0.0027,开放申购,开放赎回,
2021-03-30,0.9988,0.9988,0.0044,开放申购,开放赎回,
2021-03-29,0.9944,0.9944,0.0021,开放申购,开放赎回,
2021-03-26,0.9923,0.9923,0.0,封闭期,封闭期,
2021-03-19,0.9937,0.9937,0.0,封闭期,封闭期,
2021-03-12,0.9996,0.9996,0.0,封闭期,封闭期,
2021-03-05,0.998,0.998,0.0,封闭期,封闭期,
2021-02-26,1.0,1.0,0.0,封闭期,封闭期,
